chromosome 	 region_start 	 region_end 	 correlation 	 pvalue 	 std_err 	 SNPs 
1	742584	247177973	-0.3546	0.1302	0.2343	68715.0
1	742584	123960278.0	-0.4913	0.0853	0.2855	35524.0
1	742584	62351431.0	-1.0773	0.448	1.4199	17050.0
1	742584	31547008.0	0	0	nan	7976.0
1	31547008.0	62351431.0	-1.7049	0.4902	2.4707	9074.0
1	31547008.0	46949220.0	0	0	nan	4230.0
1	46949220.0	62351431.0	-1.8122	0.3631	1.9925	4844.0
1	46949220.0	54650326.0	-6.4794	0.603	12.4586	1895.0
1	46949220.0	50799773.0	0	0	nan	1063.0
1	50799773.0	54650326.0	-0.1675	0.7308	0.4868	832.0
1	50799773.0	52725050.0	-2.3648	0.0409	1.1564	255.0
1	50799773.0	51762412.0	0	0	nan	135.0
1	51762412.0	52725050.0	-0.7717	0.0324	0.3607	120.0
1	51762412.0	52243731.0	0	0	nan	57.0
1	52243731.0	52725050.0	-1.1352	0.0003	0.3114	63.0
1	52725050.0	54650326.0	0.6473	0.2154	0.5225	577.0
1	52725050.0	53687688.0	-0.0412	0.884	0.2823	293.0
1	52725050.0	53206369.0	0	0	nan	124.0
1	53206369.0	53687688.0	0.1226	0.6237	0.25	169.0
1	53687688.0	54650326.0	0	0	nan	284.0
1	54650326.0	62351431.0	0	0	nan	2949.0
1	62351431.0	123960278.0	-0.4296	0.24	0.3657	18474.0
1	62351431.0	93155855.0	-1.8675	0.4271	2.3518	9930.0
1	62351431.0	77753643.0	0	0	nan	4981.0
1	77753643.0	93155855.0	-1.6511	0.2038	1.2992	4949.0
1	77753643.0	85454749.0	0	0	nan	2509.0
1	85454749.0	93155855.0	-1.7714	0.2923	1.6819	2440.0
1	85454749.0	89305302.0	0	0	nan	1302.0
1	89305302.0	93155855.0	0	0	nan	1138.0
1	93155855.0	123960278.0	-0.045	0.8923	0.3321	8544.0
1	93155855.0	108558067.0	0.5488	0.4562	0.7366	4790.0
1	93155855.0	100856961.0	1.0582	0.1327	0.7037	2698.0
1	93155855.0	97006408.0	0	0	nan	1391.0
1	97006408.0	100856961.0	1.5078	0.0365	0.7209	1307.0
1	97006408.0	98931685.0	1.0345	0.0386	0.5003	605.0
1	97006408.0	97969047.0	0	0	nan	360.0
1	97969047.0	98931685.0	1.7783	0.0405	0.8682	245.0
1	97969047.0	98450366.0	0	0	nan	122.0
1	98450366.0	98931685.0	0	0	nan	123.0
1	98931685.0	100856961.0	0	0	nan	702.0
1	100856961.0	108558067.0	0	0	nan	2092.0
1	108558067.0	123960278.0	-0.9241	0.1488	0.6401	3754.0
1	108558067.0	116259173.0	-1.5947	0.6196	3.2121	2544.0
1	108558067.0	112408620.0	0	0	nan	1313.0
1	112408620.0	116259173.0	-0.5153	0.0574	0.2711	1231.0
1	112408620.0	114333897.0	-0.9606	3.3227e-05	0.2315	502.0
1	112408620.0	113371259.0	-0.2018	0.5999	0.3847	235.0
1	112408620.0	112889940.0	0	0	nan	153.0
1	112889940.0	113371259.0	-0.0115	0.9406	0.1537	82.0
1	113371259.0	114333897.0	0	0	nan	267.0
1	114333897.0	116259173.0	0	0	nan	729.0
1	116259173.0	123960278.0	-0.6325	0.1822	0.4741	1210.0
1	116259173.0	120109726.0	-0.8334	0.0131	0.3357	1141.0
1	116259173.0	118184450.0	-0.6672	0.1098	0.4172	543.0
1	116259173.0	117221812.0	-2.6616	0.1632	1.9088	195.0
1	116259173.0	116740493.0	-2.9556	0.7932	11.2756	139.0
1	116740493.0	117221812.0	0	0	nan	56.0
1	117221812.0	118184450.0	0.3209	0.1357	0.2151	348.0
1	117221812.0	117703131.0	-0.7176	0.7481	2.2348	170.0
1	117703131.0	118184450.0	0.194	0.2257	0.1601	178.0
1	118184450.0	120109726.0	-1.0586	0.0452	0.5287	598.0
1	118184450.0	119147088.0	-0.5028	0.0298	0.2315	291.0
1	118184450.0	118665769.0	-1.534	0.0365	0.7335	118.0
1	118665769.0	119147088.0	0	0	nan	173.0
1	119147088.0	120109726.0	0	0	nan	307.0
1	120109726.0	123960278.0	0	0	nan	69.0
1	123960278.0	247177973	-0.1435	0.6643	0.3305	33191.0
1	123960278.0	185569126.0	-1.1213	0.8475	5.8289	13218.0
1	123960278.0	154764702.0	0	0	nan	2108.0
1	154764702.0	185569126.0	0	0	nan	11110.0
1	185569126.0	247177973	0	0	nan	19973.0
2	5703	242669396	0.124	0.5624	0.214	71822.0
2	5703	121337549.0	-0.0143	0.9488	0.2224	36644.0
2	5703	60671626.0	0.1836	0.5713	0.3242	21466.0
2	5703	30338665.0	0.0524	0.8564	0.2893	10027.0
2	5703	15172184.0	0	0	nan	5149.0
2	15172184.0	30338665.0	-0.1198	0.6325	0.2505	4878.0
2	15172184.0	22755425.0	1.6544	0.2587	1.4647	2542.0
2	15172184.0	18963805.0	4.3448	0.855	23.7824	1348.0
2	15172184.0	17067995.0	0	0	nan	629.0
2	17067995.0	18963805.0	0.9984	0.5722	1.7676	719.0
2	17067995.0	18015900.0	0	0	nan	311.0
2	18015900.0	18963805.0	0	0	nan	408.0
2	18963805.0	22755425.0	0.323	0.4284	0.4079	1194.0
2	18963805.0	20859615.0	0	0	nan	747.0
2	20859615.0	22755425.0	0.2789	0.1994	0.2173	447.0
2	20859615.0	21807520.0	0	0	nan	252.0
2	21807520.0	22755425.0	0.523	0.0086	0.1991	195.0
2	21807520.0	22281473.0	0	0	nan	51.0
2	22281473.0	22755425.0	0.7426	4.1155e-07	0.1467	144.0
2	22755425.0	30338665.0	-0.5455	0.0402	0.2658	2336.0
2	22755425.0	26547045.0	-0.2501	0.1425	0.1705	1075.0
2	22755425.0	24651235.0	-0.1399	0.5233	0.2192	652.0
2	22755425.0	23703330.0	-1.0351	0.3541	1.117	407.0
2	22755425.0	23229378.0	-0.0383	0.9349	0.4691	166.0
2	23229378.0	23703330.0	0	0	nan	241.0
2	23703330.0	24651235.0	0.0883	0.4465	0.116	245.0
2	23703330.0	24177283.0	0.1948	0.221	0.1592	127.0
2	24177283.0	24651235.0	0	0	nan	118.0
2	24651235.0	26547045.0	-0.2641	0.223	0.2167	423.0
2	24651235.0	25599140.0	0	0	nan	248.0
2	25599140.0	26547045.0	-0.6717	0.0004	0.1884	175.0
2	25599140.0	26073093.0	0	0	nan	65.0
2	26073093.0	26547045.0	0.5721	0.18	0.4267	110.0
2	26547045.0	30338665.0	-2.4092	0.5874	4.4396	1261.0
2	26547045.0	28442855.0	0	0	nan	505.0
2	28442855.0	30338665.0	0	0	nan	756.0
2	30338665.0	60671626.0	0	0	nan	11439.0
2	60671626.0	121337549.0	-0.2925	0.3353	0.3035	15178.0
2	60671626.0	91004588.0	0.3905	0.2779	0.3599	8240.0
2	60671626.0	75838107.0	0.4001	0.163	0.2868	4603.0
2	60671626.0	68254867.0	0.288	0.4231	0.3595	2343.0
2	60671626.0	64463247.0	0	0	nan	926.0
2	64463247.0	68254867.0	0.2036	0.6518	0.4512	1417.0
2	64463247.0	66359057.0	0	0	nan	642.0
2	66359057.0	68254867.0	0	0	nan	775.0
2	68254867.0	75838107.0	1.115	0.1195	0.7162	2260.0
2	68254867.0	72046487.0	0	0	nan	1258.0
2	72046487.0	75838107.0	0.6996	0.0058	0.2534	1002.0
2	72046487.0	73942297.0	0	0	nan	396.0
2	73942297.0	75838107.0	-0.4337	0.5257	0.6834	606.0
2	73942297.0	74890202.0	0.5647	0.3582	0.6145	232.0
2	73942297.0	74416250.0	0.0397	0.9424	0.5489	128.0
2	74416250.0	74890202.0	0	0	nan	104.0
2	74890202.0	75838107.0	0	0	nan	374.0
2	75838107.0	91004588.0	0	0	nan	3637.0
2	91004588.0	121337549.0	-0.9714	0.0708	0.5377	6938.0
2	91004588.0	106171069.0	-0.4262	0.2393	0.3622	2982.0
2	91004588.0	98587829.0	-0.9493	1.0042e-17	0.1107	488.0
2	91004588.0	94796209.0	0	0	nan	nan
2	94796209.0	98587829.0	-0.9493	1.0042e-17	0.1107	488.0
2	94796209.0	96692019.0	-1.1096	0.0005	0.3196	183.0
2	94796209.0	95744114.0	-1.3379	0.0132	0.5399	69.0
2	94796209.0	95270162.0	-1.595	0.5244	2.5056	28.0
2	95270162.0	95744114.0	-1.2157	0.0002	0.3238	41.0
2	95744114.0	96692019.0	-0.8655	0.0002	0.2348	114.0
2	95744114.0	96218067.0	0	0	nan	37.0
2	96218067.0	96692019.0	-0.5788	0.008	0.2183	77.0
2	96692019.0	98587829.0	-0.841	6.4158e-12	0.1224	305.0
2	96692019.0	97639924.0	0	0	nan	81.0
2	97639924.0	98587829.0	-0.7252	1.5073e-17	0.085	224.0
2	97639924.0	98113877.0	-1.0222	4.6353e-08	0.1871	95.0
2	98113877.0	98587829.0	0	0	nan	129.0
2	98587829.0	106171069.0	0.1211	0.7926	0.4608	2494.0
2	98587829.0	102379449.0	0.8152	0.0249	0.3635	1275.0
2	98587829.0	100483639.0	0	0	nan	582.0
2	100483639.0	102379449.0	1.2721	0.0031	0.4298	693.0
2	100483639.0	101431544.0	1.6421	0.1716	1.2012	324.0
2	100483639.0	100957592.0	1.2447	0.0769	0.7038	185.0
2	100957592.0	101431544.0	0	0	nan	139.0
2	101431544.0	102379449.0	0.6307	4.1762e-06	0.137	369.0
2	101431544.0	101905497.0	0	0	nan	111.0
2	101905497.0	102379449.0	0.8328	0.3988	0.9869	258.0
2	102379449.0	106171069.0	-0.5419	0.3932	0.6347	1219.0
2	102379449.0	104275259.0	0	0	nan	469.0
2	104275259.0	106171069.0	-0.5047	0.7999	1.9915	750.0
2	104275259.0	105223164.0	0	0	nan	246.0
2	105223164.0	106171069.0	0	0	nan	504.0
2	106171069.0	121337549.0	0	0	nan	3956.0
2	121337549.0	242669396	0.439	0.2782	0.4049	35178.0
2	121337549.0	182003473.0	1.153	0.1205	0.7426	17757.0
2	121337549.0	151670511.0	0	0	nan	8556.0
2	151670511.0	182003473.0	0.9544	0.0589	0.5053	9201.0
2	151670511.0	166836992.0	1.4709	0.1581	1.0422	4264.0
2	151670511.0	159253752.0	4.49	0.2904	4.2467	2087.0
2	151670511.0	155462132.0	0	0	nan	1227.0
2	155462132.0	159253752.0	0.6873	0.0005	0.1984	860.0
2	155462132.0	157357942.0	1.4829	0.0906	0.8763	462.0
2	155462132.0	156410037.0	1.0601	2.5859e-08	0.1904	234.0
2	155462132.0	155936085.0	0	0	nan	106.0
2	155936085.0	156410037.0	0.7372	1.2397e-05	0.1687	128.0
2	156410037.0	157357942.0	0	0	nan	228.0
2	157357942.0	159253752.0	0.2644	0.2096	0.2107	398.0
2	157357942.0	158305847.0	0	0	nan	140.0
2	158305847.0	159253752.0	0.1095	0.6158	0.2181	258.0
2	158305847.0	158779800.0	-0.8423	0.054	0.4371	87.0
2	158779800.0	159253752.0	0.874	1.2936e-07	0.1655	171.0
2	159253752.0	166836992.0	-0.5949	0.1578	0.4212	2177.0
2	159253752.0	163045372.0	-1.3967	0.0582	0.7374	1216.0
2	159253752.0	161149562.0	0	0	nan	727.0
2	161149562.0	163045372.0	-0.4162	0.0243	0.1848	489.0
2	161149562.0	162097467.0	-0.7334	0.0415	0.3598	294.0
2	161149562.0	161623515.0	0	0	nan	166.0
2	161623515.0	162097467.0	-1.8129	0.0183	0.7686	128.0
2	162097467.0	163045372.0	-0.2271	0.2473	0.1963	195.0
2	162097467.0	162571420.0	0	0	nan	134.0
2	162571420.0	163045372.0	-0.6247	0.07	0.3448	61.0
2	163045372.0	166836992.0	1.4962	0.263	1.3368	961.0
2	163045372.0	164941182.0	0	0	nan	361.0
2	164941182.0	166836992.0	1.3901	0.1037	0.8543	600.0
2	164941182.0	165889087.0	0	0	nan	249.0
2	165889087.0	166836992.0	0	0	nan	351.0
2	166836992.0	182003473.0	0.6746	0.0658	0.3667	4937.0
2	166836992.0	174420233.0	0.9384	0.0515	0.4818	2425.0
2	166836992.0	170628613.0	0	0	nan	1229.0
2	170628613.0	174420233.0	0.8812	0.0463	0.4421	1196.0
2	170628613.0	172524423.0	1.6997	0.1128	1.0718	603.0
2	170628613.0	171576518.0	2.901	0.1637	2.0829	314.0
2	170628613.0	171102566.0	1.1251	0.0104	0.439	185.0
2	171102566.0	171576518.0	0	0	nan	129.0
2	171576518.0	172524423.0	0	0	nan	289.0
2	172524423.0	174420233.0	0	0	nan	593.0
2	174420233.0	182003473.0	0	0	nan	2512.0
2	182003473.0	242669396	0	0	nan	17421.0
3	36044	199322659	-0.0308	0.8091	0.1275	59160.0
3	36044	99679351.0	0.0286	0.8473	0.1487	29970.0
3	36044	49857698.0	-0.0376	0.8523	0.202	16702.0
3	36044	24946871.0	0.1649	0.4831	0.2351	9157.0
3	36044	12491458.0	0.5279	0.0476	0.2665	5020.0
3	36044	6263751.0	0	0	nan	2543.0
3	6263751.0	12491458.0	0.2834	0.2208	0.2315	2477.0
3	6263751.0	9377605.0	0.5304	0.1497	0.3682	1394.0
3	6263751.0	7820678.0	0.7286	0.0262	0.3278	660.0
3	6263751.0	7042215.0	0.4659	0.0597	0.2474	256.0
3	6263751.0	6652983.0	0	0	nan	151.0
3	6652983.0	7042215.0	-1.0518	0.5875	1.9389	105.0
3	7042215.0	7820678.0	2.8466	0.2826	2.6491	404.0
3	7042215.0	7431447.0	0	0	nan	185.0
3	7431447.0	7820678.0	0	0	nan	219.0
3	7820678.0	9377605.0	0	0	nan	734.0
3	9377605.0	12491458.0	0.0718	0.8111	0.3003	1083.0
3	9377605.0	10934532.0	0.7508	0.1187	0.4812	541.0
3	9377605.0	10156069.0	0.5836	0.1217	0.3771	183.0
3	9377605.0	9766837.0	0	0	nan	67.0
3	9766837.0	10156069.0	0.3358	0.2533	0.2939	116.0
3	10156069.0	10934532.0	0.7631	0.0737	0.4267	358.0
3	10156069.0	10545301.0	0.4554	0.0415	0.2234	207.0
3	10545301.0	10934532.0	1.0715	0.2937	1.0204	151.0
3	10934532.0	12491458.0	0	0	nan	542.0
3	12491458.0	24946871.0	-0.0853	0.8106	0.3557	4137.0
3	12491458.0	18719165.0	0.028	0.9269	0.3056	1995.0
3	12491458.0	15605312.0	0	0	nan	1038.0
3	15605312.0	18719165.0	0.0452	0.8589	0.2545	957.0
3	15605312.0	17162239.0	0	0	nan	590.0
3	17162239.0	18719165.0	-0.7873	2.2648e-05	0.1858	367.0
3	17162239.0	17940702.0	0	0	nan	140.0
3	17940702.0	18719165.0	0	0	nan	227.0
3	18719165.0	24946871.0	0.2881	0.8337	1.372	2142.0
3	18719165.0	21833018.0	0	0	nan	1037.0
3	21833018.0	24946871.0	0.2477	0.5217	0.3866	1105.0
3	21833018.0	23389945.0	0.4472	0.4089	0.5415	602.0
3	21833018.0	22611482.0	-1.225	0.0335	0.5763	357.0
3	21833018.0	22222250.0	0	0	nan	191.0
3	22222250.0	22611482.0	-0.766	0.0209	0.3316	166.0
3	22611482.0	23389945.0	0	0	nan	245.0
3	23389945.0	24946871.0	0	0	nan	503.0
3	24946871.0	49857698.0	-0.329	0.3116	0.3251	7545.0
3	24946871.0	37402285.0	-0.4217	0.0999	0.2563	3976.0
3	24946871.0	31174578.0	0.1622	0.8314	0.7621	2100.0
3	24946871.0	28060725.0	3.0027	0.4381	3.8722	1028.0
3	24946871.0	26503798.0	0	0	nan	548.0
3	26503798.0	28060725.0	0	0	nan	480.0
3	28060725.0	31174578.0	-0.7253	0.3234	0.7346	1072.0
3	28060725.0	29617652.0	-1.3131	0.2935	1.2499	523.0
3	28060725.0	28839189.0	0	0	nan	235.0
3	28839189.0	29617652.0	0	0	nan	288.0
3	29617652.0	31174578.0	-0.022	0.9573	0.4116	549.0
3	29617652.0	30396115.0	0	0	nan	275.0
3	30396115.0	31174578.0	0	0	nan	274.0
3	31174578.0	37402285.0	-0.4905	0.0408	0.2398	1876.0
3	31174578.0	34288432.0	-0.697	0.0156	0.2882	872.0
3	31174578.0	32731505.0	0	0	nan	488.0
3	32731505.0	34288432.0	-0.7196	0.0064	0.2638	384.0
3	32731505.0	33509969.0	-0.2342	0.3517	0.2515	142.0
3	32731505.0	33120737.0	0.5134	0.0022	0.168	45.0
3	33120737.0	33509969.0	-1.0402	0.0486	0.5274	97.0
3	33509969.0	34288432.0	0	0	nan	242.0
3	34288432.0	37402285.0	-0.5219	0.1373	0.3512	1004.0
3	34288432.0	35845359.0	0	0	nan	506.0
3	35845359.0	37402285.0	-0.1835	0.5278	0.2905	498.0
3	35845359.0	36623822.0	0	0	nan	273.0
3	36623822.0	37402285.0	0.2872	0.1101	0.1798	225.0
3	36623822.0	37013054.0	1.1652	0.0265	0.5252	112.0
3	37013054.0	37402285.0	-3.032	2.906e-12	0.4342	113.0
3	37402285.0	49857698.0	-0.2389	0.6157	0.4759	3569.0
3	37402285.0	43629992.0	0	0	nan	1948.0
3	43629992.0	49857698.0	-0.2515	0.4579	0.3388	1621.0
3	43629992.0	46743845.0	0.2511	0.4494	0.332	984.0
3	43629992.0	45186919.0	0	0	nan	421.0
3	45186919.0	46743845.0	0	0	nan	563.0
3	46743845.0	49857698.0	-1.2697	0.0012	0.3929	637.0
3	46743845.0	48300772.0	0	0	nan	235.0
3	48300772.0	49857698.0	0	0	nan	402.0
3	49857698.0	99679351.0	0.1597	0.4587	0.2156	13268.0
3	49857698.0	74768525.0	0.0138	0.9496	0.2177	8697.0
3	49857698.0	62313112.0	0.1037	0.5388	0.1687	4472.0
3	49857698.0	56085405.0	0.7252	0.0003	0.1989	1930.0
3	49857698.0	52971552.0	2.6815	0.335	2.7813	753.0
3	49857698.0	51414625.0	0	0	nan	411.0
3	51414625.0	52971552.0	0.8335	0.0292	0.3823	342.0
3	51414625.0	52193089.0	0	0	nan	96.0
3	52193089.0	52971552.0	0	0	nan	246.0
3	52971552.0	56085405.0	0.7922	0.0718	0.44	1177.0
3	52971552.0	54528479.0	0.4563	0.1855	0.3446	509.0
3	52971552.0	53750016.0	0.0098	0.9225	0.1009	230.0
3	53750016.0	54528479.0	0	0	nan	279.0
3	54528479.0	56085405.0	0	0	nan	668.0
3	56085405.0	62313112.0	-1.138	0.0159	0.4721	2542.0
3	56085405.0	59199259.0	-2.1909	0.0961	1.3164	940.0
3	56085405.0	57642332.0	-1.6076	0.1091	1.0034	520.0
3	56085405.0	56863869.0	0.1774	0.4854	0.2542	271.0
3	56085405.0	56474637.0	0.5151	0.3221	0.5203	140.0
3	56474637.0	56863869.0	0	0	nan	131.0
3	56863869.0	57642332.0	0	0	nan	249.0
3	57642332.0	59199259.0	-3.0465	0.306	2.9761	420.0
3	57642332.0	58420796.0	0	0	nan	280.0
3	58420796.0	59199259.0	-1.4957	1.3717e-06	0.3097	140.0
3	58420796.0	58810028.0	0	0	nan	94.0
3	58810028.0	59199259.0	-1.5562	1.2642e-24	0.1519	46.0
3	59199259.0	62313112.0	-0.2154	0.3605	0.2355	1602.0
3	59199259.0	60756186.0	0.0885	0.7667	0.2984	970.0
3	59199259.0	59977723.0	0.3306	0.1611	0.2359	459.0
3	59199259.0	59588491.0	0.6312	0.0931	0.3759	201.0
3	59588491.0	59977723.0	-0.0441	0.9051	0.37	258.0
3	59977723.0	60756186.0	0	0	nan	511.0
3	60756186.0	62313112.0	-0.6636	0.1514	0.4626	632.0
3	60756186.0	61534649.0	-1.0848	0.0031	0.3672	304.0
3	60756186.0	61145418.0	-3.4915	0.1083	2.1744	177.0
3	61145418.0	61534649.0	-0.5348	3.0167e-19	0.0596	127.0
3	61534649.0	62313112.0	0	0	nan	328.0
3	62313112.0	74768525.0	-0.0992	0.8237	0.4453	4225.0
3	62313112.0	68540819.0	0	0	nan	2291.0
3	68540819.0	74768525.0	0.8342	0.0944	0.4987	1934.0
3	68540819.0	71654672.0	0	0	nan	935.0
3	71654672.0	74768525.0	-0.1301	0.7605	0.4269	999.0
3	71654672.0	73211599.0	1.731	0.1267	1.1334	431.0
3	71654672.0	72433136.0	0	0	nan	271.0
3	72433136.0	73211599.0	0	0	nan	160.0
3	73211599.0	74768525.0	-0.8741	0.0738	0.4889	568.0
3	73211599.0	73990062.0	-1.0449	0.0853	0.6072	333.0
3	73211599.0	73600831.0	1.5046	0.0627	0.8084	159.0
3	73600831.0	73990062.0	-2.6549	0.0642	1.4342	174.0
3	73990062.0	74768525.0	0	0	nan	235.0
3	74768525.0	99679351.0	0.7635	0.159	0.5421	4571.0
3	74768525.0	87223938.0	0	0	nan	2894.0
3	87223938.0	99679351.0	0	0	nan	1677.0
3	99679351.0	199322659	-0.1213	0.5173	0.1874	29190.0
3	99679351.0	149501005.0	-0.0281	0.9174	0.2706	15324.0
3	99679351.0	124590178.0	-0.1252	0.6508	0.2766	7740.0
3	99679351.0	112134765.0	0.5932	0.1253	0.387	3658.0
3	99679351.0	105907058.0	-0.1369	0.8174	0.5931	1819.0
3	99679351.0	102793205.0	0	0	nan	999.0
3	102793205.0	105907058.0	0.1671	0.4691	0.2308	820.0
3	102793205.0	104350132.0	-0.3446	0.0999	0.2095	403.0
3	102793205.0	103571669.0	0	0	nan	201.0
3	103571669.0	104350132.0	0	0	nan	202.0
3	104350132.0	105907058.0	0	0	nan	417.0
3	105907058.0	112134765.0	1.4807	0.2168	1.1989	1839.0
3	105907058.0	109020912.0	1.1501	0.0559	0.6016	884.0
3	105907058.0	107463985.0	0	0	nan	485.0
3	107463985.0	109020912.0	0.2041	0.2847	0.1908	399.0
3	107463985.0	108242449.0	-0.6127	0.0438	0.3039	200.0
3	107463985.0	107853217.0	-0.5499	0.1625	0.3938	121.0
3	107853217.0	108242449.0	0	0	nan	79.0
3	108242449.0	109020912.0	0.56	0.0232	0.2467	199.0
3	108242449.0	108631681.0	0.0909	0.8536	0.4926	87.0
3	108631681.0	109020912.0	0.9752	0.0202	0.42	112.0
3	109020912.0	112134765.0	0	0	nan	955.0
3	112134765.0	124590178.0	-0.6724	0.1295	0.4435	4082.0
3	112134765.0	118362472.0	0.1816	0.7884	0.6767	1960.0
3	112134765.0	115248619.0	0	0	nan	1041.0
3	115248619.0	118362472.0	-0.1331	0.6806	0.3234	919.0
3	115248619.0	116805546.0	0	0	nan	364.0
3	116805546.0	118362472.0	-0.0594	0.8475	0.3087	555.0
3	116805546.0	117584009.0	0	0	nan	241.0
3	117584009.0	118362472.0	0.3863	0.073	0.2154	314.0
3	117584009.0	117973241.0	0.1725	0.2421	0.1475	155.0
3	117973241.0	118362472.0	0	0	nan	159.0
3	118362472.0	124590178.0	-3.8054	0.5978	7.2132	2122.0
3	118362472.0	121476325.0	-1.8082	0.0007	0.5338	1141.0
3	118362472.0	119919399.0	0	0	nan	539.0
3	119919399.0	121476325.0	-2.3565	0.0094	0.9079	602.0
3	119919399.0	120697862.0	-1.6161	0.0432	0.7993	286.0
3	119919399.0	120308631.0	-2.1895	0.1265	1.433	123.0
3	120308631.0	120697862.0	-0.6728	0.0652	0.3649	163.0
3	120697862.0	121476325.0	-2.2627	0.0852	1.3145	316.0
3	120697862.0	121087094.0	0	0	nan	187.0
3	121087094.0	121476325.0	-9.2493	0.6203	18.6718	129.0
3	121476325.0	124590178.0	0	0	nan	981.0
3	124590178.0	149501005.0	0.0081	0.9842	0.4122	7584.0
3	149501005.0	199322659	-0.2154	0.5501	0.3604	13866.0
3	149501005.0	174411832.0	0	0	nan	7175.0
3	174411832.0	199322659	-0.4069	0.2167	0.3294	6691.0
3	174411832.0	186867246.0	-0.5285	0.0906	0.3123	3166.0
3	174411832.0	180639539.0	-0.1015	0.6458	0.2207	1782.0
3	174411832.0	177525686.0	0	0	nan	874.0
3	177525686.0	180639539.0	0.2469	0.0506	0.1263	908.0
3	177525686.0	179082613.0	0	0	nan	457.0
3	179082613.0	180639539.0	-0.0065	0.9854	0.3571	451.0
3	180639539.0	186867246.0	-1.1972	0.0381	0.5774	1384.0
3	180639539.0	183753393.0	-1.3681	0.8006	5.4169	546.0
3	180639539.0	182196466.0	-0.6949	0.1214	0.4486	348.0
3	180639539.0	181418003.0	0	0	nan	217.0
3	181418003.0	182196466.0	-0.2071	0.1991	0.1613	131.0
3	181418003.0	181807235.0	-0.0346	0.9393	0.4538	67.0
3	181807235.0	182196466.0	-0.742	0.0485	0.3761	64.0
3	182196466.0	183753393.0	0	0	nan	198.0
3	183753393.0	186867246.0	0	0	nan	838.0
3	186867246.0	199322659	-0.0787	0.9745	2.465	3525.0
3	186867246.0	193094953.0	0	0	nan	2029.0
3	193094953.0	199322659	0	0	nan	1496.0
4	59713	191184445	0.738	0.4187	0.9127	52737.0
4	59713	95622079.0	0	0	nan	26824.0
4	95622079.0	191184445	0.6089	0.3149	0.6059	25913.0
4	95622079.0	143403262.0	0	0	nan	13080.0
4	143403262.0	191184445	0.8206	0.0171	0.344	12833.0
4	143403262.0	167293854.0	0.5295	0.0975	0.3196	6279.0
4	143403262.0	155348558.0	0.7535	0.2799	0.6973	2968.0
4	143403262.0	149375910.0	0	0	nan	1373.0
4	149375910.0	155348558.0	0	0	nan	1595.0
4	155348558.0	167293854.0	0.7416	0.2727	0.6762	3311.0
4	155348558.0	161321206.0	0.8321	0.1465	0.5731	1616.0
4	155348558.0	158334882.0	2.2309	0.1297	1.4724	868.0
4	155348558.0	156841720.0	0.4925	0.0686	0.2704	422.0
4	155348558.0	156095139.0	0	0	nan	216.0
4	156095139.0	156841720.0	0.4553	0.2913	0.4314	206.0
4	156095139.0	156468430.0	1.3953	0.056	0.7301	111.0
4	156468430.0	156841720.0	0.7266	0.4484	0.9584	95.0
4	156841720.0	158334882.0	0	0	nan	446.0
4	158334882.0	161321206.0	-0.6949	0.1123	0.4376	748.0
4	158334882.0	159828044.0	0	0	nan	381.0
4	159828044.0	161321206.0	0.1139	0.7382	0.3407	367.0
4	159828044.0	160574625.0	0.1198	0.7787	0.4261	174.0
4	159828044.0	160201335.0	-0.7893	0.0012	0.2431	80.0
4	160201335.0	160574625.0	0	0	nan	94.0
4	160574625.0	161321206.0	0.4204	0.4468	0.5525	193.0
4	160574625.0	160947916.0	-0.8596	0.2548	0.7549	124.0
4	160947916.0	161321206.0	0.5809	0.0589	0.3076	69.0
4	161321206.0	167293854.0	0	0	nan	1695.0
4	167293854.0	191184445	1.2666	0.2848	1.1842	6554.0
4	167293854.0	179239150.0	0	0	nan	3042.0
4	179239150.0	191184445	0	0	nan	3512.0
5	89344	179998061	0.5205	0.2316	0.4351	55223.0
5	89344	90043702.0	0.4246	0.5243	0.6668	26695.0
5	89344	45066523.0	0.2732	0.667	0.635	14291.0
5	89344	22577934.0	0	0	nan	7707.0
5	22577934.0	45066523.0	-0.1421	0.8973	1.1007	6584.0
5	22577934.0	33822229.0	0.5079	0.652	1.1264	3130.0
5	22577934.0	28200082.0	2.1492	0.1646	1.5465	1319.0
5	22577934.0	25389008.0	0.8832	0.0889	0.5191	717.0
5	22577934.0	23983471.0	0.9763	0.0467	0.4908	407.0
5	22577934.0	23280703.0	1.0259	0.3498	1.0973	237.0
5	22577934.0	22929319.0	0	0	nan	140.0
5	22929319.0	23280703.0	1.2573	0.1467	0.8663	97.0
5	23280703.0	23983471.0	0	0	nan	170.0
5	23983471.0	25389008.0	0	0	nan	310.0
5	25389008.0	28200082.0	0	0	nan	602.0
5	28200082.0	33822229.0	0	0	nan	1811.0
5	33822229.0	45066523.0	0	0	nan	3454.0
5	45066523.0	90043702.0	0	0	nan	12404.0
5	90043702.0	179998061	0.6325	0.2321	0.5292	28528.0
5	90043702.0	135020882.0	0.5359	0.5507	0.8981	13601.0
5	90043702.0	112532292.0	0	0	nan	6236.0
5	112532292.0	135020882.0	1.9297	0.0816	1.1081	7365.0
5	112532292.0	123776587.0	0	0	nan	3879.0
5	123776587.0	135020882.0	0	0	nan	3486.0
5	135020882.0	179998061	0.8995	0.1321	0.5973	14927.0
5	135020882.0	157509472.0	1.4241	0.4164	1.7524	7809.0
5	135020882.0	146265177.0	0.7978	0.0374	0.3832	3696.0
5	135020882.0	140643030.0	0.3926	0.1462	0.2702	1681.0
5	135020882.0	137831956.0	1.4274	0.1037	0.8772	1037.0
5	135020882.0	136426419.0	0	0	nan	525.0
5	136426419.0	137831956.0	1.6146	0.1917	1.2367	512.0
5	136426419.0	137129188.0	1.8519	0.4068	2.2323	339.0
5	136426419.0	136777804.0	0	0	nan	204.0
5	136777804.0	137129188.0	-0.0217	0.8835	0.1478	135.0
5	137129188.0	137831956.0	0	0	nan	173.0
5	137831956.0	140643030.0	-0.5106	0.1586	0.3622	644.0
5	137831956.0	139237493.0	0	0	nan	249.0
5	139237493.0	140643030.0	0.9388	0.0339	0.4425	395.0
5	139237493.0	139940262.0	0	0	nan	150.0
5	139940262.0	140643030.0	0.5073	0.3142	0.504	245.0
5	139940262.0	140291646.0	0	0	nan	116.0
5	140291646.0	140643030.0	0	0	nan	129.0
5	140643030.0	146265177.0	0	0	nan	2015.0
5	146265177.0	157509472.0	0	0	nan	4113.0
5	157509472.0	179998061	0	0	nan	7118.0
6	94609	169999770	0.2161	0.4417	0.2809	51534.0
6	94609	85047189.0	0.8432	0.2221	0.6907	24603.0
6	94609	42570899.0	0	0	nan	12587.0
6	42570899.0	85047189.0	0.9941	0.4998	1.4732	12016.0
6	42570899.0	63809044.0	0	0	nan	5445.0
6	63809044.0	85047189.0	0.5591	0.1269	0.3662	6571.0
6	63809044.0	74428117.0	0	0	nan	3347.0
6	74428117.0	85047189.0	0.596	0.1363	0.4001	3224.0
6	74428117.0	79737653.0	1.201	0.2884	1.1313	1509.0
6	74428117.0	77082885.0	0.1493	0.6565	0.3357	679.0
6	74428117.0	75755501.0	0.7726	0.5178	1.1947	385.0
6	74428117.0	75091809.0	0	0	nan	228.0
6	75091809.0	75755501.0	2.6753	0.0779	1.5176	157.0
6	75091809.0	75423655.0	0	0	nan	104.0
6	75423655.0	75755501.0	3.2947	0.1622	2.3574	53.0
6	75755501.0	77082885.0	-0.2289	0.3183	0.2294	294.0
6	75755501.0	76419193.0	-0.214	0.358	0.2328	126.0
6	75755501.0	76087347.0	-0.5997	0.2513	0.5228	59.0
6	76087347.0	76419193.0	0	0	nan	67.0
6	76419193.0	77082885.0	0	0	nan	168.0
6	77082885.0	79737653.0	0	0	nan	830.0
6	79737653.0	85047189.0	0.2419	0.4967	0.356	1715.0
6	79737653.0	82392421.0	0	0	nan	952.0
6	82392421.0	85047189.0	0.5851	0.0694	0.3223	763.0
6	82392421.0	83719805.0	0	0	nan	409.0
6	83719805.0	85047189.0	0.3581	0.0003	0.0995	354.0
6	83719805.0	84383497.0	0.2663	0.0326	0.1246	181.0
6	83719805.0	84051651.0	-0.3416	0.2602	0.3034	85.0
6	84051651.0	84383497.0	1.3093	0.0019	0.4207	96.0
6	84383497.0	85047189.0	0	0	nan	173.0
6	85047189.0	169999770	-0.1454	0.628	0.3	26931.0
6	85047189.0	127523480.0	0	0	nan	12619.0
6	127523480.0	169999770	-0.1037	0.7553	0.3328	14312.0
6	127523480.0	148761625.0	0	0	nan	6180.0
6	148761625.0	169999770	-0.1435	0.6195	0.2889	8132.0
6	148761625.0	159380698.0	-0.081	0.8824	0.5477	3789.0
6	148761625.0	154071162.0	-0.4439	0.1867	0.3362	2017.0
6	148761625.0	151416394.0	-1.2049	0.0055	0.4336	1064.0
6	148761625.0	150089010.0	-0.3559	0.1947	0.2744	510.0
6	148761625.0	149425318.0	-0.1801	0.7441	0.5519	274.0
6	148761625.0	149093472.0	0.1369	0.7854	0.5027	143.0
6	149093472.0	149425318.0	0	0	nan	131.0
6	149425318.0	150089010.0	-0.1853	0.5624	0.3199	236.0
6	149425318.0	149757164.0	-0.6092	0.5585	1.0413	142.0
6	149757164.0	150089010.0	-0.1538	0.7685	0.5225	94.0
6	150089010.0	151416394.0	-4.4767	0.2111	3.5801	554.0
6	150089010.0	150752702.0	-2.097	0.0189	0.8932	217.0
6	150089010.0	150420856.0	0	0	nan	96.0
6	150420856.0	150752702.0	0	0	nan	121.0
6	150752702.0	151416394.0	0	0	nan	337.0
6	151416394.0	154071162.0	1.0883	0.9036	8.9827	953.0
6	151416394.0	152743778.0	0	0	nan	444.0
6	152743778.0	154071162.0	1.2417	0.2985	1.1944	509.0
6	152743778.0	153407470.0	0	0	nan	301.0
6	153407470.0	154071162.0	0	0	nan	208.0
6	154071162.0	159380698.0	0	0	nan	1772.0
6	159380698.0	169999770	-0.1737	0.5284	0.2755	4343.0
6	159380698.0	164690234.0	0.5906	0.1142	0.3739	2142.0
6	159380698.0	162035466.0	0.363	0.5044	0.5438	1108.0
6	159380698.0	160708082.0	0.0622	0.8592	0.3508	561.0
6	159380698.0	160044390.0	0	0	nan	282.0
6	160044390.0	160708082.0	0	0	nan	279.0
6	160708082.0	162035466.0	0	0	nan	547.0
6	162035466.0	164690234.0	1.1054	0.1064	0.6845	1034.0
6	162035466.0	163362850.0	0	0	nan	477.0
6	163362850.0	164690234.0	0	0	nan	557.0
6	164690234.0	169999770	-0.7664	0.0138	0.3112	2201.0
6	164690234.0	167345002.0	-1.6047	0.0252	0.7168	1156.0
6	164690234.0	166017618.0	-3.5262	0.2938	3.3588	528.0
6	164690234.0	165353926.0	0	0	nan	241.0
6	165353926.0	166017618.0	-1.2406	0.9489	19.3428	287.0
6	165353926.0	165685772.0	-4.0344	0.4985	5.9612	153.0
6	165685772.0	166017618.0	0	0	nan	134.0
6	166017618.0	167345002.0	-1.1171	0.0509	0.5721	628.0
6	166017618.0	166681310.0	0	0	nan	343.0
6	166681310.0	167345002.0	-1.0545	0.0543	0.5479	285.0
6	166681310.0	167013156.0	0	0	nan	142.0
6	167013156.0	167345002.0	0	0	nan	143.0
6	167345002.0	169999770	0.0693	0.84	0.3435	1045.0
6	167345002.0	168672386.0	2.6491	0.3494	2.831	405.0
6	167345002.0	168008694.0	0	0	nan	175.0
6	168008694.0	168672386.0	0	0	nan	230.0
6	168672386.0	169999770	-0.4135	0.1398	0.28	640.0
6	168672386.0	169336078.0	0.0688	0.8398	0.3405	382.0
6	168672386.0	169004232.0	0.8717	0.0144	0.3562	168.0
6	169004232.0	169336078.0	0	0	nan	214.0
6	169336078.0	169999770	-0.7671	0.0019	0.2469	258.0
6	169336078.0	169667924.0	0	0	nan	113.0
6	169667924.0	169999770	-1.8348	0.3283	1.8771	145.0
7	140018	158812247	0	0	nan	45413.0
8	151222	146264218	-0.231	0.2772	0.2126	46637.0
8	151222	73207720.0	-0.092	0.6443	0.1992	23761.0
8	151222	36679471.0	-0.2871	0.1426	0.1958	14684.0
8	151222	18415347.0	-0.4893	0.0142	0.1995	8447.0
8	151222	9283285.0	-0.1448	0.5531	0.2441	4259.0
8	151222	4717254.0	0	0	nan	2352.0
8	4717254.0	9283285.0	-0.3144	0.1145	0.1992	1907.0
8	4717254.0	7000270.0	0	0	nan	1326.0
8	7000270.0	9283285.0	-0.6222	4.0716e-05	0.1516	581.0
8	7000270.0	8141778.0	0	0	nan	3.0
8	8141778.0	9283285.0	-0.6216	4.8474e-05	0.153	578.0
8	8141778.0	8712532.0	-1.0291	2.1942e-06	0.2174	323.0
8	8141778.0	8427155.0	-0.8699	0.0052	0.3115	161.0
8	8427155.0	8712532.0	-1.4985	0.0081	0.5663	162.0
8	8712532.0	9283285.0	-0.1835	0.3937	0.2151	255.0
8	8712532.0	8997909.0	-0.1784	0.2499	0.1551	112.0
8	8997909.0	9283285.0	-0.3849	0.0166	0.1607	143.0
8	9283285.0	18415347.0	-1.2612	0.0804	0.7215	4188.0
8	9283285.0	13849316.0	-1.7365	0.086	1.0114	1892.0
8	9283285.0	11566301.0	-1.8026	0.001	0.5456	1064.0
8	9283285.0	10424793.0	-1.5121	0.0007	0.4442	600.0
8	9283285.0	9854039.0	-0.8335	0.0002	0.2262	249.0
8	9283285.0	9568662.0	-0.743	0.0022	0.2429	140.0
8	9568662.0	9854039.0	0	0	nan	109.0
8	9854039.0	10424793.0	-2.2899	0.0794	1.3055	351.0
8	9854039.0	10139416.0	0	0	nan	151.0
8	10139416.0	10424793.0	-1.8959	0.1214	1.2239	200.0
8	10424793.0	11566301.0	-2.6354	0.0688	1.4484	464.0
8	10424793.0	10995547.0	-0.4554	0.0012	0.141	227.0
8	10424793.0	10710170.0	-0.435	0.0498	0.2217	100.0
8	10710170.0	10995547.0	-0.7864	0.0025	0.2605	127.0
8	10995547.0	11566301.0	0	0	nan	237.0
8	11566301.0	13849316.0	0	0	nan	828.0
8	13849316.0	18415347.0	0	0	nan	2296.0
8	18415347.0	36679471.0	0.1538	0.6028	0.2955	6237.0
8	18415347.0	27547409.0	0.4161	0.0363	0.1988	3743.0
8	18415347.0	22981378.0	0	0	nan	1869.0
8	22981378.0	27547409.0	0.5037	0.0245	0.224	1874.0
8	22981378.0	25264394.0	1.2204	0.0096	0.4713	776.0
8	22981378.0	24122886.0	0	0	nan	389.0
8	24122886.0	25264394.0	0.9134	0.0235	0.4031	387.0
8	24122886.0	24693640.0	0.6979	0.0939	0.4166	203.0
8	24122886.0	24408263.0	0	0	nan	99.0
8	24408263.0	24693640.0	0.3628	0.005	0.1292	104.0
8	24693640.0	25264394.0	1.3691	0.393	1.6028	184.0
8	24693640.0	24979017.0	0.5952	0.0018	0.1908	98.0
8	24979017.0	25264394.0	0	0	nan	86.0
8	25264394.0	27547409.0	-0.1776	0.6193	0.3575	1098.0
8	25264394.0	26405902.0	1.5116	0.0385	0.7304	454.0
8	25264394.0	25835148.0	0.8836	4.4196e-05	0.2163	234.0
8	25264394.0	25549771.0	0	0	nan	107.0
8	25549771.0	25835148.0	0	0	nan	127.0
8	25835148.0	26405902.0	0	0	nan	220.0
8	26405902.0	27547409.0	-0.892	0.0439	0.4426	644.0
8	26405902.0	26976656.0	-0.5025	0.0547	0.2615	368.0
8	26405902.0	26691279.0	0	0	nan	201.0
8	26691279.0	26976656.0	0	0	nan	167.0
8	26976656.0	27547409.0	0	0	nan	276.0
8	27547409.0	36679471.0	0	0	nan	2494.0
8	36679471.0	73207720.0	0.4665	0.3682	0.5184	9077.0
8	36679471.0	54943596.0	0	0	nan	3543.0
8	54943596.0	73207720.0	0	0	nan	5534.0
8	73207720.0	146264218	-0.3148	0.5411	0.5152	22876.0
8	73207720.0	109735969.0	-0.5005	0.3851	0.5763	10843.0
8	73207720.0	91471845.0	-0.2272	0.4881	0.3277	5206.0
8	73207720.0	82339783.0	0	0	nan	2783.0
8	82339783.0	91471845.0	-0.1979	0.2867	0.1857	2423.0
8	82339783.0	86905814.0	0	0	nan	1098.0
8	86905814.0	91471845.0	-0.0937	0.5327	0.1502	1325.0
8	86905814.0	89188830.0	-1.1959	0.2575	1.0562	658.0
8	86905814.0	88047322.0	-0.3814	0.1944	0.2939	386.0
8	86905814.0	87476568.0	0	0	nan	179.0
8	87476568.0	88047322.0	0	0	nan	207.0
8	88047322.0	89188830.0	0	0	nan	272.0
8	89188830.0	91471845.0	0.1891	0.2544	0.1659	667.0
8	89188830.0	90330338.0	0	0	nan	302.0
8	90330338.0	91471845.0	0	0	nan	365.0
8	91471845.0	109735969.0	0	0	nan	5637.0
8	109735969.0	146264218	0	0	nan	12033.0
9	30910	139999801	0.2168	0.472	0.3015	37762.0
9	30910	70015355.0	0	0	nan	14520.0
9	70015355.0	139999801	0.2924	0.1786	0.2174	23242.0
9	70015355.0	105007578.0	0.5094	0.0719	0.283	12125.0
9	70015355.0	87511467.0	0.3154	0.0932	0.1879	6078.0
9	70015355.0	78763411.0	-0.3363	0.1638	0.2415	3020.0
9	70015355.0	74389383.0	-0.3182	0.1714	0.2327	1637.0
9	70015355.0	72202369.0	0.1583	0.5958	0.2984	784.0
9	70015355.0	71108862.0	0	0	nan	394.0
9	71108862.0	72202369.0	0.7553	0.0339	0.3561	390.0
9	71108862.0	71655616.0	-1.2207	1.3103e-10	0.19	190.0
9	71108862.0	71382239.0	-1.3545	0.0908	0.8009	118.0
9	71382239.0	71655616.0	-0.8466	0.0458	0.4238	72.0
9	71655616.0	72202369.0	0	0	nan	200.0
9	72202369.0	74389383.0	-0.7815	0.0133	0.3155	853.0
9	72202369.0	73295876.0	-1.3717	0.1373	0.923	506.0
9	72202369.0	72749123.0	-2.4352	0.292	2.3108	293.0
9	72202369.0	72475746.0	-4.625	0.452	6.1502	127.0
9	72475746.0	72749123.0	-1.3129	0.0802	0.7504	166.0
9	72749123.0	73295876.0	-0.7549	0.4316	0.9598	213.0
9	72749123.0	73022500.0	0	0	nan	142.0
9	73022500.0	73295876.0	1.6135	0.0732	0.9006	71.0
9	73295876.0	74389383.0	0	0	nan	347.0
9	74389383.0	78763411.0	0	0	nan	1383.0
9	78763411.0	87511467.0	1.2101	0.0051	0.4323	3058.0
9	78763411.0	83137439.0	0.8073	0.0053	0.2893	1581.0
9	78763411.0	80950425.0	1.1277	0.0027	0.3763	667.0
9	78763411.0	79856918.0	0.3297	0.1521	0.2302	313.0
9	78763411.0	79310165.0	0	0	nan	182.0
9	79310165.0	79856918.0	0.6124	0.2485	0.5306	131.0
9	79310165.0	79583542.0	0	0	nan	67.0
9	79583542.0	79856918.0	0.9184	0.4341	1.1742	64.0
9	79856918.0	80950425.0	2.9007	0.1724	2.1258	354.0
9	79856918.0	80403672.0	1.6489	0.0043	0.5768	182.0
9	79856918.0	80130295.0	3.7263	0.1773	2.762	107.0
9	80130295.0	80403672.0	0	0	nan	75.0
9	80403672.0	80950425.0	0	0	nan	172.0
9	80950425.0	83137439.0	0.7683	0.3689	0.8551	914.0
9	80950425.0	82043932.0	0	0	nan	393.0
9	82043932.0	83137439.0	1.5648	0.0774	0.8861	521.0
9	82043932.0	82590686.0	0	0	nan	296.0
9	82590686.0	83137439.0	0	0	nan	225.0
9	83137439.0	87511467.0	0	0	nan	1477.0
9	87511467.0	105007578.0	0	0	nan	6047.0
9	105007578.0	139999801	0.0752	0.7787	0.2676	11117.0
9	105007578.0	122503690.0	-0.1217	0.622	0.2469	7134.0
9	105007578.0	113755634.0	0.1458	0.9051	1.2228	3656.0
9	105007578.0	109381606.0	0	0	nan	1558.0
9	109381606.0	113755634.0	0	0	nan	2098.0
9	113755634.0	122503690.0	-0.1742	0.326	0.1773	3478.0
9	113755634.0	118129662.0	-0.1522	0.6233	0.3098	1627.0
9	113755634.0	115942648.0	0	0	nan	709.0
9	115942648.0	118129662.0	0	0	nan	918.0
9	118129662.0	122503690.0	-0.2084	0.255	0.1831	1851.0
9	118129662.0	120316676.0	0.0351	0.7947	0.1347	1099.0
9	118129662.0	119223169.0	0.4527	0.0939	0.2702	592.0
9	118129662.0	118676416.0	1.019	0.0177	0.4297	282.0
9	118129662.0	118403039.0	0	0	nan	114.0
9	118403039.0	118676416.0	0	0	nan	168.0
9	118676416.0	119223169.0	0	0	nan	310.0
9	119223169.0	120316676.0	-0.0056	0.9773	0.1973	507.0
9	120316676.0	122503690.0	0	0	nan	752.0
9	122503690.0	139999801	0	0	nan	3983.0
10	88481	135284978	0.0251	0.8911	0.1831	46004.0
10	88481	67686729.0	0.4186	0.1729	0.3072	22441.0
10	88481	33887605.0	0.3698	0.3634	0.4069	13248.0
10	88481	16988043.0	-0.1677	0.705	0.4428	7203.0
10	88481	8538262.0	-0.3884	0.5955	0.7317	3712.0
10	88481	4313372.0	0.2585	0.4767	0.3634	1844.0
10	88481	2200927.0	0	0	nan	800.0
10	2200927.0	4313372.0	0.0607	0.7993	0.2388	1044.0
10	2200927.0	3257150.0	-0.5672	0.1039	0.3488	571.0
10	2200927.0	2729039.0	-0.2775	0.6062	0.5383	310.0
10	2200927.0	2464983.0	0	0	nan	155.0
10	2464983.0	2729039.0	-0.4313	0.0698	0.2378	155.0
10	2729039.0	3257150.0	-1.0388	0.0977	0.6272	261.0
10	2729039.0	2993095.0	0	0	nan	136.0
10	2993095.0	3257150.0	-1.1725	0.0068	0.4329	125.0
10	3257150.0	4313372.0	0	0	nan	473.0
10	4313372.0	8538262.0	0	0	nan	1868.0
10	8538262.0	16988043.0	-0.0439	0.9227	0.4526	3491.0
10	8538262.0	12763153.0	-0.0667	0.8476	0.3472	1706.0
10	8538262.0	10650708.0	-0.5453	0.201	0.4265	859.0
10	8538262.0	9594485.0	0.0195	0.8573	0.1086	494.0
10	8538262.0	9066374.0	0.106	0.2937	0.1009	308.0
10	8538262.0	8802318.0	0	0	nan	192.0
10	8802318.0	9066374.0	-0.1976	0.1771	0.1464	116.0
10	9066374.0	9594485.0	-0.3205	0.239	0.2721	186.0
10	9066374.0	9330430.0	-1.1645	0.0001	0.3002	86.0
10	9330430.0	9594485.0	1.5052	0.0285	0.6872	100.0
10	9594485.0	10650708.0	0	0	nan	365.0
10	10650708.0	12763153.0	0	0	nan	847.0
10	12763153.0	16988043.0	0	0	nan	1785.0
10	16988043.0	33887605.0	0.6031	0.277	0.5548	6045.0
10	16988043.0	25437824.0	0.3205	0.3522	0.3446	2829.0
10	16988043.0	21212934.0	0	0	nan	1733.0
10	21212934.0	25437824.0	0.221	0.645	0.4797	1096.0
10	21212934.0	23325379.0	0	0	nan	445.0
10	23325379.0	25437824.0	-2.3483	0.0274	1.0644	651.0
10	23325379.0	24381602.0	-2.9917	0.0205	1.2912	332.0
10	23325379.0	23853491.0	0	0	nan	141.0
10	23853491.0	24381602.0	-2.3023	8.1276e-05	0.5843	191.0
10	23853491.0	24117547.0	-1.2241	0.0042	0.4274	76.0
10	24117547.0	24381602.0	0	0	nan	115.0
10	24381602.0	25437824.0	-0.7985	0.1827	0.5992	319.0
10	24381602.0	24909713.0	0	0	nan	183.0
10	24909713.0	25437824.0	-2.0147	0.1934	1.5492	136.0
10	24909713.0	25173769.0	-3.5527	0.1952	2.7427	60.0
10	25173769.0	25437824.0	0	0	nan	76.0
10	25437824.0	33887605.0	0	0	nan	3216.0
10	33887605.0	67686729.0	0.4336	0.212	0.3474	9193.0
10	33887605.0	50787167.0	0.0024	0.994	0.3254	3476.0
10	50787167.0	67686729.0	0.9855	0.342	1.037	5717.0
10	50787167.0	59236948.0	-1.2153	0.1727	0.8913	2735.0
10	50787167.0	55012058.0	0	0	nan	1298.0
10	55012058.0	59236948.0	0	0	nan	1437.0
10	59236948.0	67686729.0	3.8521	0.3592	4.2011	2982.0
10	59236948.0	63461839.0	0	0	nan	1486.0
10	63461839.0	67686729.0	2.994	0.023	1.3167	1496.0
10	63461839.0	65574284.0	3.1737	0.0957	1.905	767.0
10	63461839.0	64518062.0	0	0	nan	431.0
10	64518062.0	65574284.0	2.9229	0.0008	0.8757	336.0
10	64518062.0	65046173.0	0	0	nan	117.0
10	65046173.0	65574284.0	0	0	nan	219.0
10	65574284.0	67686729.0	0	0	nan	729.0
10	67686729.0	135284978	-0.2019	0.3383	0.2108	23563.0
10	67686729.0	101485854.0	-0.3688	0.1539	0.2587	11776.0
10	67686729.0	84586292.0	0	0	nan	5740.0
10	84586292.0	101485854.0	-0.3366	0.0891	0.198	6036.0
10	84586292.0	93036073.0	0.0103	0.9736	0.3125	3105.0
10	84586292.0	88811183.0	-0.5728	0.0171	0.2402	1659.0
10	84586292.0	86698738.0	-0.6023	0.0065	0.2213	955.0
10	84586292.0	85642515.0	-1.4723	2.2459e-09	0.2462	472.0
10	84586292.0	85114404.0	-1.7185	0.0512	0.8815	220.0
10	84586292.0	84850348.0	-1.2861	0.2358	1.0849	132.0
10	84850348.0	85114404.0	0	0	nan	88.0
10	85114404.0	85642515.0	-0.7713	4.6536e-05	0.1894	252.0
10	85114404.0	85378460.0	-1.0961	4.1874e-07	0.2166	124.0
10	85378460.0	85642515.0	0.6225	0.3077	0.6103	128.0
10	85642515.0	86698738.0	0	0	nan	483.0
10	86698738.0	88811183.0	0	0	nan	704.0
10	88811183.0	93036073.0	1.6373	0.0759	0.9224	1446.0
10	88811183.0	90923628.0	0	0	nan	630.0
10	90923628.0	93036073.0	2.1252	0.5487	3.544	816.0
10	90923628.0	91979851.0	0.896	0.1622	0.6411	410.0
10	90923628.0	91451740.0	-0.1501	0.5811	0.272	198.0
10	90923628.0	91187684.0	-1.1177	0.0009	0.3364	98.0
10	91187684.0	91451740.0	0.2187	0.3579	0.2378	100.0
10	91451740.0	91979851.0	0	0	nan	212.0
10	91979851.0	93036073.0	0	0	nan	406.0
10	93036073.0	101485854.0	-0.5108	0.0111	0.2013	2931.0
10	93036073.0	97260964.0	-0.3996	0.0723	0.2224	1401.0
10	93036073.0	95148519.0	0	0	nan	619.0
10	95148519.0	97260964.0	-0.03	0.8523	0.1611	782.0
10	95148519.0	96204742.0	-0.2124	0.4313	0.2699	370.0
10	95148519.0	95676631.0	0	0	nan	219.0
10	95676631.0	96204742.0	-0.9392	3.33e-06	0.202	151.0
10	95676631.0	95940687.0	0	0	nan	70.0
10	95940687.0	96204742.0	0	0	nan	81.0
10	96204742.0	97260964.0	-0.044	0.7212	0.1231	412.0
10	96204742.0	96732853.0	0	0	nan	153.0
10	96732853.0	97260964.0	0.023	0.9593	0.451	259.0
10	96732853.0	96996909.0	0.1315	0.8439	0.6678	116.0
10	96996909.0	97260964.0	0.3625	0.0045	0.1275	143.0
10	97260964.0	101485854.0	-0.6015	0.0058	0.2179	1530.0
10	97260964.0	99373409.0	-0.5646	2.7581e-05	0.1347	779.0
10	97260964.0	98317187.0	-0.8979	0.033	0.4211	456.0
10	97260964.0	97789076.0	-0.598	0.4067	0.7208	217.0
10	97260964.0	97525020.0	-0.5962	0.6199	1.2021	144.0
10	97525020.0	97789076.0	-0.9948	0.1724	0.7291	73.0
10	97789076.0	98317187.0	-1.1072	7.51e-05	0.2796	239.0
10	97789076.0	98053132.0	-0.9742	0.0002	0.2575	99.0
10	98053132.0	98317187.0	-1.1591	0.0045	0.4084	140.0
10	98317187.0	99373409.0	-0.353	0.0108	0.1384	323.0
10	98317187.0	98845298.0	0	0	nan	132.0
10	98845298.0	99373409.0	0	0	nan	191.0
10	99373409.0	101485854.0	0	0	nan	751.0
10	101485854.0	135284978	0.0543	0.8346	0.2602	11787.0
10	101485854.0	118385416.0	0.1079	0.7288	0.3111	5553.0
10	101485854.0	109935635.0	0.2215	0.329	0.2269	2803.0
10	101485854.0	105710745.0	1.81	0.4731	2.523	1226.0
10	101485854.0	103598300.0	0	0	nan	602.0
10	103598300.0	105710745.0	1.1392	0.7016	2.9728	624.0
10	103598300.0	104654523.0	0	0	nan	314.0
10	104654523.0	105710745.0	-0.0485	0.8536	0.2626	310.0
10	104654523.0	105182634.0	0	0	nan	135.0
10	105182634.0	105710745.0	0	0	nan	175.0
10	105710745.0	109935635.0	-0.2404	0.319	0.2412	1577.0
10	105710745.0	107823190.0	0.2338	0.8335	1.1124	805.0
10	105710745.0	106766968.0	0.6957	0.1681	0.5048	413.0
10	105710745.0	106238857.0	0	0	nan	173.0
10	106238857.0	106766968.0	1.6935	0.0871	0.9899	240.0
10	106238857.0	106502913.0	0	0	nan	96.0
10	106502913.0	106766968.0	0	0	nan	144.0
10	106766968.0	107823190.0	0	0	nan	392.0
10	107823190.0	109935635.0	0.8209	0.3187	0.8232	772.0
10	107823190.0	108879413.0	1.7482	0.0037	0.6031	337.0
10	107823190.0	108351302.0	0	0	nan	159.0
10	108351302.0	108879413.0	0	0	nan	178.0
10	108879413.0	109935635.0	0	0	nan	435.0
10	109935635.0	118385416.0	0	0	nan	2750.0
10	118385416.0	135284978	0.2351	0.6294	0.4871	6234.0
10	118385416.0	126835197.0	0.3868	0.7456	1.1919	3122.0
10	118385416.0	122610307.0	-0.0582	0.9064	0.4952	1485.0
10	118385416.0	120497862.0	0	0	nan	726.0
10	120497862.0	122610307.0	-0.9431	0.2289	0.7838	759.0
10	120497862.0	121554085.0	-0.5852	0.3341	0.6058	305.0
10	120497862.0	121025974.0	0.1767	0.7888	0.6599	140.0
10	120497862.0	120761918.0	0	0	nan	83.0
10	120761918.0	121025974.0	-0.0416	0.8913	0.3043	57.0
10	121025974.0	121554085.0	-1.5333	0.1635	1.1005	165.0
10	121025974.0	121290030.0	0	0	nan	71.0
10	121290030.0	121554085.0	-0.1329	0.8599	0.7531	94.0
10	121554085.0	122610307.0	-1.0117	0.2226	0.8295	454.0
10	121554085.0	122082196.0	0	0	nan	206.0
10	122082196.0	122610307.0	0.3634	0.3035	0.3531	248.0
10	122082196.0	122346252.0	1.2978	0.7767	4.5758	122.0
10	122346252.0	122610307.0	0.3037	0.3023	0.2945	126.0
10	122610307.0	126835197.0	0	0	nan	1637.0
10	126835197.0	135284978	0.1467	0.6765	0.3518	3112.0
10	126835197.0	131060088.0	0	0	nan	1713.0
10	131060088.0	135284978	0.394	0.1722	0.2886	1399.0
10	131060088.0	133172533.0	-0.009	0.9873	0.5616	916.0
10	133172533.0	135284978	0.6686	0.0482	0.3385	483.0
10	133172533.0	134228756.0	1.3067	0.07	0.721	301.0
10	133172533.0	133700645.0	2.4121	0.1912	1.8453	176.0
10	133172533.0	133436589.0	1.0776	0.2373	0.9119	133.0
10	133436589.0	133700645.0	0	0	nan	43.0
10	133700645.0	134228756.0	0.4291	0.3929	0.5022	125.0
10	133700645.0	133964701.0	0	0	nan	70.0
10	133964701.0	134228756.0	-0.6181	0.3629	0.6794	55.0
10	134228756.0	135284978	0	0	nan	182.0
11	188510	134445626	0.3124	0.7447	0.9592	43308.0
11	188510	67317068.0	0.4167	0.3425	0.439	20071.0
11	188510	33752789.0	0	0	nan	11640.0
11	33752789.0	67317068.0	0.4436	0.1759	0.3277	8431.0
11	33752789.0	50534929.0	1.2237	0.0216	0.5328	5070.0
11	33752789.0	42143859.0	0.442	0.4377	0.5696	2740.0
11	33752789.0	37948324.0	1.2128	0.1812	0.907	1660.0
11	33752789.0	35850557.0	0	0	nan	914.0
11	35850557.0	37948324.0	1.101	0.0119	0.438	746.0
11	35850557.0	36899441.0	3.1403	0.2687	2.8389	446.0
11	35850557.0	36374999.0	0	0	nan	231.0
11	36374999.0	36899441.0	4.4183	0.4181	5.4571	215.0
11	36374999.0	36637220.0	3.3479	0.3997	3.9758	93.0
11	36637220.0	36899441.0	4.1906	0.5941	7.8642	122.0
11	36899441.0	37948324.0	0.1487	0.1096	0.0929	300.0
11	36899441.0	37423883.0	0.064	0.6711	0.1508	161.0
11	36899441.0	37161662.0	0.6744	0.0952	0.4041	111.0
11	37161662.0	37423883.0	-1.4522	8.5741e-07	0.2951	50.0
11	37423883.0	37948324.0	0	0	nan	139.0
11	37948324.0	42143859.0	0	0	nan	1080.0
11	42143859.0	50534929.0	3.172	0.6524	7.0429	2330.0
11	42143859.0	46339394.0	0	0	nan	1521.0
11	46339394.0	50534929.0	0	0	nan	809.0
11	50534929.0	67317068.0	-0.2323	0.5751	0.4143	3361.0
11	50534929.0	58925999.0	0	0	nan	1425.0
11	58925999.0	67317068.0	0	0	nan	1936.0
11	67317068.0	134445626	0	0	nan	23237.0
12	61880	132288757	0.9043	0.0984	0.5472	41688.0
12	61880	66175318.0	-0.0103	0.9807	0.4271	20556.0
12	61880	33118599.0	0.1778	0.5922	0.3319	11187.0
12	61880	16590240.0	0.2953	0.3619	0.3239	5086.0
12	61880	8326060.0	-0.371	0.2122	0.2974	2582.0
12	61880	4193970.0	-0.1774	0.5233	0.2779	1245.0
12	61880	2127925.0	1.2026	0.0291	0.551	538.0
12	61880	1094903.0	0	0	nan	279.0
12	1094903.0	2127925.0	0	0	nan	259.0
12	2127925.0	4193970.0	-1.2958	0.175	0.9554	707.0
12	2127925.0	3160948.0	0	0	nan	331.0
12	3160948.0	4193970.0	0	0	nan	376.0
12	4193970.0	8326060.0	0	0	nan	1337.0
12	8326060.0	16590240.0	1.5102	0.314	1.4999	2504.0
12	8326060.0	12458150.0	0	0	nan	1201.0
12	12458150.0	16590240.0	0.901	0.0587	0.4766	1303.0
12	12458150.0	14524195.0	0	0	nan	777.0
12	14524195.0	16590240.0	0	0	nan	526.0
12	16590240.0	33118599.0	-0.2503	0.4439	0.327	6101.0
12	16590240.0	24854420.0	-0.4722	0.1049	0.2912	2729.0
12	16590240.0	20722330.0	-0.6569	0.1189	0.4212	1274.0
12	16590240.0	18656285.0	-0.3514	0.0089	0.1344	601.0
12	16590240.0	17623263.0	-0.1476	0.2295	0.1228	282.0
12	16590240.0	17106752.0	0.0838	0.6176	0.1678	102.0
12	16590240.0	16848496.0	0	0	nan	60.0
12	16848496.0	17106752.0	-0.615	0.2614	0.5477	42.0
12	17106752.0	17623263.0	0.5572	0.3475	0.5931	180.0
12	17106752.0	17365008.0	0	0	nan	80.0
12	17365008.0	17623263.0	0	0	nan	100.0
12	17623263.0	18656285.0	-0.9518	0.4729	1.326	319.0
12	17623263.0	18139774.0	0.0833	0.8474	0.4331	158.0
12	17623263.0	17881519.0	0	0	nan	95.0
12	17881519.0	18139774.0	0	0	nan	63.0
12	18139774.0	18656285.0	-1.1296	0.0031	0.3824	161.0
12	18139774.0	18398030.0	-1.951	0.0493	0.9926	84.0
12	18398030.0	18656285.0	0	0	nan	77.0
12	18656285.0	20722330.0	0	0	nan	673.0
12	20722330.0	24854420.0	-0.2994	0.446	0.3928	1455.0
12	20722330.0	22788375.0	0	0	nan	764.0
12	22788375.0	24854420.0	-0.3471	0.2838	0.3238	691.0
12	22788375.0	23821398.0	-0.1795	0.6428	0.3871	280.0
12	22788375.0	23304887.0	-0.5565	0.1048	0.343	152.0
12	22788375.0	23046631.0	0	0	nan	92.0
12	23046631.0	23304887.0	0	0	nan	60.0
12	23304887.0	23821398.0	0.879	0.0111	0.3462	128.0
12	23304887.0	23563143.0	2.0329	3.9865e-07	0.401	36.0
12	23563143.0	23821398.0	0	0	nan	92.0
12	23821398.0	24854420.0	-2.4279	0.2916	2.3023	411.0
12	23821398.0	24337909.0	0	0	nan	192.0
12	24337909.0	24854420.0	-1.1296	0.1219	0.7302	219.0
12	24337909.0	24596165.0	-3.1114	0.2694	2.8172	119.0
12	24596165.0	24854420.0	0.3502	0.0002	0.0944	100.0
12	24854420.0	33118599.0	0.2913	0.6792	0.7044	3372.0
12	24854420.0	28986510.0	0	0	nan	1634.0
12	28986510.0	33118599.0	-1.3747	0.4049	1.6505	1738.0
12	28986510.0	31052555.0	0	0	nan	1002.0
12	31052555.0	33118599.0	0	0	nan	736.0
12	33118599.0	66175318.0	0	0	nan	9369.0
12	66175318.0	132288757	0	0	nan	21132.0
13	18045562	114109501	-0.1039	0.7438	0.318	31972.0
13	18045562	66077531.0	-0.1247	0.6979	0.3212	15785.0
13	18045562	42061547.0	-0.7173	0.3832	0.8226	8456.0
13	18045562	30053555.0	-0.8893	0.2194	0.7241	4125.0
13	18045562	24049559.0	-1.7421	0.1364	1.1698	1909.0
13	18045562	21047561.0	-0.8047	0.0742	0.4507	725.0
13	18045562	19546562.0	-1.592	0.0026	0.5291	283.0
13	18045562	18796062.0	-1.8536	0.0622	0.9941	150.0
13	18045562	18420812.0	0	0	nan	10.0
13	18420812.0	18796062.0	-3.3771	0.3619	3.7041	140.0
13	18796062.0	19546562.0	-1.987	0.0003	0.5509	133.0
13	18796062.0	19171312.0	0	0	nan	78.0
13	19171312.0	19546562.0	-3.0531	0.0662	1.6622	55.0
13	19546562.0	21047561.0	0.5069	0.5205	0.7888	442.0
13	19546562.0	20297062.0	0.1601	0.8595	0.9043	226.0
13	19546562.0	19921812.0	0	0	nan	105.0
13	19921812.0	20297062.0	-2.0478	0.1309	1.3556	121.0
13	20297062.0	21047561.0	0	0	nan	216.0
13	21047561.0	24049559.0	0	0	nan	1184.0
13	24049559.0	30053555.0	0	0	nan	2216.0
13	30053555.0	42061547.0	0	0	nan	4331.0
13	42061547.0	66077531.0	0.5053	0.2603	0.4489	7329.0
13	42061547.0	54069539.0	0.3874	0.4805	0.5491	4050.0
13	42061547.0	48065543.0	0	0	nan	2128.0
13	48065543.0	54069539.0	0.4715	0.1108	0.2957	1922.0
13	48065543.0	51067541.0	1.1785	0.3149	1.1726	928.0
13	48065543.0	49566542.0	0.7901	0.0011	0.2422	475.0
13	48065543.0	48816043.0	1.4006	0.0126	0.5611	227.0
13	48065543.0	48440793.0	0	0	nan	147.0
13	48440793.0	48816043.0	5.1341	0.2445	4.4112	80.0
13	48816043.0	49566542.0	-0.0122	0.9634	0.2658	248.0
13	48816043.0	49191293.0	0.5368	0.6882	1.3378	157.0
13	49191293.0	49566542.0	0	0	nan	91.0
13	49566542.0	51067541.0	0	0	nan	453.0
13	51067541.0	54069539.0	0	0	nan	994.0
13	54069539.0	66077531.0	0.4555	0.198	0.3539	3279.0
13	54069539.0	60073535.0	-0.019	0.9554	0.3392	1539.0
13	54069539.0	57071537.0	0.009	0.9745	0.2807	633.0
13	57071537.0	60073535.0	0	0	nan	906.0
13	60073535.0	66077531.0	1.7095	0.4043	2.0499	1740.0
13	60073535.0	63075533.0	1.0469	0.0288	0.479	895.0
13	60073535.0	61574534.0	1.626	0.0248	0.7246	517.0
13	60073535.0	60824035.0	0	0	nan	333.0
13	60824035.0	61574534.0	2.3949	0.1184	1.5336	184.0
13	60824035.0	61199285.0	0	0	nan	94.0
13	61199285.0	61574534.0	2.0066	4.9522e-39	0.1535	90.0
13	61574534.0	63075533.0	0	0	nan	378.0
13	63075533.0	66077531.0	0	0	nan	845.0
13	66077531.0	114109501	0	0	nan	16187.0
14	18206177	106356482	0	0	nan	27246.0
15	18294933	99999706	0.4153	0.2281	0.3446	23945.0
15	18294933	59147319.0	0	0	nan	11253.0
15	59147319.0	99999706	0.3501	0.2658	0.3146	12692.0
15	59147319.0	79573513.0	0.1043	0.7823	0.3776	6192.0
15	59147319.0	69360416.0	0.9106	0.0834	0.5261	3237.0
15	59147319.0	64253868.0	0	0	nan	1611.0
15	64253868.0	69360416.0	2.252	0.0802	1.287	1626.0
15	64253868.0	66807142.0	0	0	nan	956.0
15	66807142.0	69360416.0	2.0206	0.0982	1.2219	670.0
15	66807142.0	68083779.0	1.1137	9.1071e-05	0.2846	342.0
15	66807142.0	67445461.0	1.3021	0.0059	0.4732	137.0
15	66807142.0	67126302.0	0	0	nan	54.0
15	67126302.0	67445461.0	0	0	nan	83.0
15	67445461.0	68083779.0	0.9294	0.0039	0.3225	205.0
15	67445461.0	67764620.0	0.1236	0.5423	0.2028	69.0
15	67764620.0	68083779.0	0	0	nan	136.0
15	68083779.0	69360416.0	0	0	nan	328.0
15	69360416.0	79573513.0	-1.2519	0.6639	2.881	2955.0
15	69360416.0	74466965.0	-0.1915	0.3863	0.2211	1323.0
15	69360416.0	71913691.0	-0.0936	0.7492	0.2928	779.0
15	69360416.0	70637054.0	1.6142	0.0491	0.8202	451.0
15	69360416.0	69998735.0	0.8547	0.1911	0.6538	295.0
15	69360416.0	69679576.0	0	0	nan	160.0
15	69679576.0	69998735.0	0.2541	0.7366	0.7553	135.0
15	69998735.0	70637054.0	0.7808	6.984e-07	0.1574	156.0
15	69998735.0	70317895.0	1.3656	0.0233	0.6022	85.0
15	70317895.0	70637054.0	0	0	nan	71.0
15	70637054.0	71913691.0	-1.0593	0.0557	0.5536	328.0
15	70637054.0	71275373.0	-0.3045	5.0507e-05	0.0751	153.0
15	70637054.0	70956214.0	-0.2964	0.5303	0.4723	63.0
15	70956214.0	71275373.0	-0.2938	0.0133	0.1187	90.0
15	71275373.0	71913691.0	0	0	nan	175.0
15	71913691.0	74466965.0	0	0	nan	544.0
15	74466965.0	79573513.0	0	0	nan	1632.0
15	79573513.0	99999706	0.4278	0.2806	0.3966	6500.0
15	79573513.0	89786610.0	0.2905	0.1801	0.2167	3204.0
15	79573513.0	84680062.0	-0.0791	0.6949	0.2018	1504.0
15	79573513.0	82126788.0	0	0	nan	600.0
15	82126788.0	84680062.0	0.3747	0.2633	0.335	904.0
15	82126788.0	83403425.0	1.032	0.0115	0.4082	337.0
15	82126788.0	82765107.0	0	0	nan	143.0
15	82765107.0	83403425.0	1.0261	0.0026	0.3406	194.0
15	82765107.0	83084266.0	1.7293	2.4434e-05	0.4098	63.0
15	83084266.0	83403425.0	1.1751	0.0194	0.5026	131.0
15	83403425.0	84680062.0	0	0	nan	567.0
15	84680062.0	89786610.0	1.4213	0.0895	0.8371	1700.0
15	84680062.0	87233336.0	0	0	nan	933.0
15	87233336.0	89786610.0	1.0237	0.0256	0.4586	767.0
15	87233336.0	88509973.0	1.8044	0.1026	1.1055	344.0
15	87233336.0	87871655.0	1.0012	0.0479	0.5061	169.0
15	87233336.0	87552496.0	1.1153	0.1394	0.7545	94.0
15	87552496.0	87871655.0	0	0	nan	75.0
15	87871655.0	88509973.0	0	0	nan	175.0
15	88509973.0	89786610.0	0.895	0.0837	0.5175	423.0
15	88509973.0	89148292.0	0	0	nan	202.0
15	89148292.0	89786610.0	1.5447	0.077	0.8736	221.0
15	89148292.0	89467451.0	0	0	nan	112.0
15	89467451.0	89786610.0	0	0	nan	109.0
15	89786610.0	99999706	0	0	nan	3296.0
16	26671	88700197	0.6913	0.2271	0.5723	22987.0
16	26671	44363434.0	0.1459	0.7001	0.3788	8812.0
16	26671	22195053.0	0	0	nan	6574.0
16	22195053.0	44363434.0	-0.1167	0.5572	0.1989	2238.0
16	22195053.0	33279244.0	-0.0995	0.6181	0.1996	2220.0
16	22195053.0	27737149.0	0.1099	0.6292	0.2276	1720.0
16	22195053.0	24966101.0	-0.4065	0.1042	0.2502	720.0
16	22195053.0	23580577.0	-0.3555	0.2529	0.3109	326.0
16	22195053.0	22887815.0	0	0	nan	100.0
16	22887815.0	23580577.0	-0.0014	0.9949	0.2284	226.0
16	23580577.0	24966101.0	0	0	nan	394.0
16	24966101.0	27737149.0	0.9961	0.0078	0.3744	1000.0
16	24966101.0	26351625.0	0	0	nan	482.0
16	26351625.0	27737149.0	1.0099	0.0127	0.4054	518.0
16	26351625.0	27044387.0	0	0	nan	291.0
16	27044387.0	27737149.0	1.5795	0.0019	0.5089	227.0
16	27044387.0	27390768.0	2.2908	0.0994	1.3902	127.0
16	27390768.0	27737149.0	0.9735	7.0782e-06	0.2168	100.0
16	27737149.0	33279244.0	0	0	nan	500.0
16	33279244.0	44363434.0	0	0	nan	18.0
16	44363434.0	88700197	0	0	nan	14175.0
17	3587	78653169	-0.3864	0.1323	0.2567	19051.0
17	3587	39328378.0	-0.24	0.43	0.3041	9401.0
17	3587	19665983.0	0	0	nan	4924.0
17	19665983.0	39328378.0	-0.2705	0.2688	0.2446	4477.0
17	19665983.0	29497181.0	-0.3997	0.2459	0.3445	2190.0
17	19665983.0	24581582.0	0	0	nan	768.0
17	24581582.0	29497181.0	-0.128	0.5801	0.2313	1422.0
17	24581582.0	27039382.0	-0.4227	0.0008	0.1258	545.0
17	24581582.0	25810482.0	0	0	nan	317.0
17	25810482.0	27039382.0	-0.0747	0.5695	0.1313	228.0
17	25810482.0	26424932.0	0.2093	0.6842	0.5145	93.0
17	25810482.0	26117707.0	-0.332	0.5516	0.5578	54.0
17	26117707.0	26424932.0	0	0	nan	39.0
17	26424932.0	27039382.0	-1.2604	7.954e-14	0.1687	135.0
17	26424932.0	26732157.0	0	0	nan	87.0
17	26732157.0	27039382.0	0	0	nan	48.0
17	27039382.0	29497181.0	0.6874	0.0867	0.4013	877.0
17	27039382.0	28268282.0	0.7826	0.1178	0.5003	237.0
17	27039382.0	27653832.0	0	0	nan	109.0
17	27653832.0	28268282.0	0	0	nan	128.0
17	28268282.0	29497181.0	0.7561	0.2592	0.6701	640.0
17	28268282.0	28882732.0	0	0	nan	355.0
17	28882732.0	29497181.0	-0.6371	0.4847	0.9119	285.0
17	28882732.0	29189957.0	0	0	nan	161.0
17	29189957.0	29497181.0	0.2916	0.4813	0.4141	124.0
17	29497181.0	39328378.0	0	0	nan	2287.0
17	39328378.0	78653169	-0.5784	0.0769	0.3269	9650.0
17	39328378.0	58990774.0	-1.0397	0.0147	0.4261	4766.0
17	39328378.0	49159576.0	0	0	nan	2421.0
17	49159576.0	58990774.0	-3.9482	0.7413	11.9587	2345.0
17	49159576.0	54075175.0	-2.2939	0.2556	2.0177	1520.0
17	49159576.0	51617376.0	0	0	nan	813.0
17	51617376.0	54075175.0	0	0	nan	707.0
17	54075175.0	58990774.0	0	0	nan	825.0
17	58990774.0	78653169	-0.2808	0.5175	0.4338	4884.0
17	58990774.0	68821972.0	0.2529	0.484	0.3614	2758.0
17	58990774.0	63906373.0	0.7932	0.0045	0.2791	1150.0
17	58990774.0	61448574.0	0.7966	0.0302	0.3675	534.0
17	58990774.0	60219674.0	0	0	nan	231.0
17	60219674.0	61448574.0	0	0	nan	303.0
17	61448574.0	63906373.0	0.2488	0.7887	0.9286	616.0
17	61448574.0	62677474.0	1.0892	0.3765	1.2316	454.0
17	61448574.0	62063024.0	0	0	nan	246.0
17	62063024.0	62677474.0	0	0	nan	208.0
17	62677474.0	63906373.0	0	0	nan	162.0
17	63906373.0	68821972.0	-3.3414	0.4743	4.6704	1608.0
17	63906373.0	66364173.0	-1.4209	0.1482	0.9827	800.0
17	63906373.0	65135273.0	-3.2933	0.2325	2.758	397.0
17	63906373.0	64520823.0	0	0	nan	246.0
17	64520823.0	65135273.0	-1.1222	0.0014	0.3516	151.0
17	64520823.0	64828048.0	0	0	nan	74.0
17	64828048.0	65135273.0	0	0	nan	77.0
17	65135273.0	66364173.0	-0.5742	0.5949	1.0798	403.0
17	65135273.0	65749723.0	0.7979	0.0662	0.4343	175.0
17	65135273.0	65442498.0	0	0	nan	68.0
17	65442498.0	65749723.0	0	0	nan	107.0
17	65749723.0	66364173.0	0	0	nan	228.0
17	66364173.0	68821972.0	0	0	nan	808.0
17	68821972.0	78653169	-1.3162	0.1728	0.9655	2126.0
17	68821972.0	73737571.0	-0.5161	0.5623	0.8907	1105.0
17	68821972.0	71279772.0	0.3532	0.3436	0.3729	580.0
17	68821972.0	70050872.0	0	0	nan	314.0
17	70050872.0	71279772.0	-0.3532	0.6143	0.7008	266.0
17	70050872.0	70665322.0	0	0	nan	136.0
17	70665322.0	71279772.0	0	0	nan	130.0
17	71279772.0	73737571.0	0	0	nan	525.0
17	73737571.0	78653169	-2.1675	0.1049	1.3367	1021.0
17	73737571.0	76195370.0	-0.9574	0.0903	0.5652	526.0
17	73737571.0	74966471.0	-0.6011	0.2298	0.5006	295.0
17	73737571.0	74352021.0	-2.481	0.0096	0.9579	167.0
17	73737571.0	74044796.0	0	0	nan	75.0
17	74044796.0	74352021.0	-1.3763	0.0015	0.4341	92.0
17	74352021.0	74966471.0	0	0	nan	128.0
17	74966471.0	76195370.0	0	0	nan	231.0
17	76195370.0	78653169	0	0	nan	495.0
18	59836	76116152	0.024	0.967	0.5799	24199.0
18	59836	38087994.0	0.2424	0.7101	0.6519	11044.0
18	59836	19073915.0	0	0	nan	5012.0
18	19073915.0	38087994.0	0.137	0.8314	0.6434	6032.0
18	19073915.0	28580955.0	0.0213	0.9754	0.69	3132.0
18	19073915.0	23827435.0	-1.9929	0.3626	2.1892	1613.0
18	19073915.0	21450675.0	-0.9793	0.5989	1.8619	789.0
18	19073915.0	20262295.0	0	0	nan	331.0
18	20262295.0	21450675.0	-0.3259	0.2922	0.3094	458.0
18	20262295.0	20856485.0	0	0	nan	298.0
18	20856485.0	21450675.0	-0.4902	0.0384	0.2367	160.0
18	20856485.0	21153580.0	0.7386	0.9755	24.0462	68.0
18	21153580.0	21450675.0	-1.0361	4.695e-05	0.2546	92.0
18	21450675.0	23827435.0	0	0	nan	824.0
18	23827435.0	28580955.0	0.4303	0.3835	0.4938	1519.0
18	23827435.0	26204195.0	0.0303	0.7543	0.0967	686.0
18	23827435.0	25015815.0	1.3302	0.0002	0.3577	365.0
18	23827435.0	24421625.0	1.3239	8.165e-05	0.3361	183.0
18	23827435.0	24124530.0	2.033	0.6364	4.3002	91.0
18	24124530.0	24421625.0	0.3583	0.0214	0.1557	92.0
18	24421625.0	25015815.0	4.6387	0.4934	6.7723	182.0
18	24421625.0	24718720.0	0.4687	5.5839e-06	0.1032	98.0
18	24718720.0	25015815.0	0	0	nan	84.0
18	25015815.0	26204195.0	-0.277	0.0041	0.0965	321.0
18	25015815.0	25610005.0	0.1505	0.2584	0.1331	136.0
18	25015815.0	25312910.0	-1.3424	0.1417	0.9136	43.0
18	25312910.0	25610005.0	0.2228	0.2026	0.1749	93.0
18	25610005.0	26204195.0	-0.4294	1.9968e-05	0.1007	185.0
18	25610005.0	25907100.0	-0.1411	0.3825	0.1615	78.0
18	25907100.0	26204195.0	-0.6038	0.0032	0.2045	107.0
18	26204195.0	28580955.0	0	0	nan	833.0
18	28580955.0	38087994.0	0	0	nan	2900.0
18	38087994.0	76116152	-0.3716	0.761	1.2218	13155.0
18	38087994.0	57102073.0	0.4427	0.507	0.6672	6881.0
18	38087994.0	47595034.0	0	0	nan	3397.0
18	47595034.0	57102073.0	0	0	nan	3484.0
18	57102073.0	76116152	0	0	nan	6274.0
19	211912	63785948	0	0	nan	10911.0
20	9795	62382907	0	0	nan	20468.0
21	13517135	46915057	0	0	nan	11283.0
22	14884399	49565872	0.0425	0.8588	0.239	10008.0
22	14884399	32225135.0	0.3913	0.1711	0.2859	4858.0
22	14884399	23554767.0	0.634	0.1601	0.4513	1828.0
22	14884399	19219583.0	1.031	0.1352	0.6903	923.0
22	14884399	17051991.0	0	0	nan	432.0
22	17051991.0	19219583.0	0.8515	0.0031	0.2879	491.0
22	17051991.0	18135787.0	2.0504	0.1257	1.3389	282.0
22	17051991.0	17593889.0	0	0	nan	103.0
22	17593889.0	18135787.0	2.0625	0.351	2.2113	179.0
22	17593889.0	17864838.0	0	0	nan	126.0
22	17864838.0	18135787.0	0.3932	0.1869	0.2979	53.0
22	18135787.0	19219583.0	0	0	nan	209.0
22	19219583.0	23554767.0	0.0436	0.9012	0.3513	905.0
22	19219583.0	21387175.0	0	0	nan	364.0
22	21387175.0	23554767.0	-0.2097	0.6684	0.4896	541.0
22	21387175.0	22470971.0	0	0	nan	257.0
22	22470971.0	23554767.0	0	0	nan	284.0
22	23554767.0	32225135.0	0.1543	0.62	0.3111	3030.0
22	23554767.0	27889951.0	0	0	nan	1556.0
22	27889951.0	32225135.0	-0.2002	0.4541	0.2675	1474.0
22	27889951.0	30057543.0	0	0	nan	617.0
22	30057543.0	32225135.0	0	0	nan	857.0
22	32225135.0	49565872	-0.4684	0.421	0.5821	5150.0
22	32225135.0	40895504.0	0	0	nan	2450.0
22	40895504.0	49565872	-0.1621	0.7643	0.5409	2700.0
22	40895504.0	45230688.0	-0.1287	0.7701	0.4402	1277.0
22	40895504.0	43063096.0	-1.5405	0.5711	2.7197	717.0
22	40895504.0	41979300.0	0	0	nan	275.0
22	41979300.0	43063096.0	0	0	nan	442.0
22	43063096.0	45230688.0	-0.5109	0.3987	0.6054	560.0
22	43063096.0	44146892.0	0.8979	0.4281	1.1332	328.0
22	43063096.0	43604994.0	0	0	nan	149.0
22	43604994.0	44146892.0	2.9725	0.5215	4.6371	179.0
22	43604994.0	43875943.0	0	0	nan	101.0
22	43875943.0	44146892.0	3.0856	0.3004	2.9795	78.0
22	44146892.0	45230688.0	-1.0932	0.3219	1.1036	232.0
22	44146892.0	44688790.0	0	0	nan	161.0
22	44688790.0	45230688.0	0	0	nan	71.0
22	45230688.0	49565872	-0.2892	0.7033	0.7593	1423.0
22	45230688.0	47398280.0	0	0	nan	818.0
22	47398280.0	49565872	-0.1498	0.775	0.5239	605.0
22	47398280.0	48482076.0	-1.0389	0.0689	0.5711	430.0
22	47398280.0	47940178.0	0.7614	0.2166	0.6162	196.0
22	47398280.0	47669229.0	0.2542	0.4555	0.3406	86.0
22	47669229.0	47940178.0	0	0	nan	110.0
22	47940178.0	48482076.0	-2.5436	0.0829	1.4666	234.0
22	47940178.0	48211127.0	0	0	nan	140.0
22	48211127.0	48482076.0	-1.3648	0.0546	0.7101	94.0
22	48482076.0	49565872	0	0	nan	175.0
