chromosome 	 region_start 	 region_end 	 correlation 	 pvalue 	 std_err 	 SNPs 
1	742584	247177973	0.73	6.1253e-05	0.1821	66986.0
1	742584	123960278.0	0.6661	0.0008	0.1996	34616.0
1	742584	62351431.0	1.0836	0.0001	0.2828	16631.0
1	742584	31547008.0	1.105	0.0004	0.312	7756.0
1	742584	16144796.0	1.4007	0.0005	0.4046	3608.0
1	742584	8443690.0	1.5073	0.0007	0.4437	1889.0
1	742584	4593137.0	0	0	nan	726.0
1	4593137.0	8443690.0	1.23	9.8414e-05	0.3158	1163.0
1	4593137.0	6518414.0	1.3671	0.0194	0.5846	607.0
1	4593137.0	5555776.0	0	0	nan	378.0
1	5555776.0	6518414.0	3.019	0.1033	1.8533	229.0
1	5555776.0	6037095.0	0	0	nan	152.0
1	6037095.0	6518414.0	1.0708	3.3664e-05	0.2582	77.0
1	6518414.0	8443690.0	1.9052	0.0859	1.1094	556.0
1	6518414.0	7481052.0	0	0	nan	337.0
1	7481052.0	8443690.0	1.2564	0.0501	0.6414	219.0
1	7481052.0	7962371.0	0	0	nan	135.0
1	7962371.0	8443690.0	1.2089	1.2058e-07	0.2284	84.0
1	8443690.0	16144796.0	0	0	nan	1719.0
1	16144796.0	31547008.0	1.0902	0.2404	0.9286	4148.0
1	16144796.0	23845902.0	0	0	nan	2259.0
1	23845902.0	31547008.0	0	0	nan	1889.0
1	31547008.0	62351431.0	0.8775	0.0312	0.4073	8875.0
1	31547008.0	46949220.0	0.5143	0.219	0.4184	4145.0
1	31547008.0	39248114.0	0.4671	0.1391	0.3158	1914.0
1	31547008.0	35397561.0	0.8386	0.0244	0.3727	957.0
1	31547008.0	33472285.0	0.4156	0.0039	0.1438	332.0
1	31547008.0	32509647.0	-0.076	0.6012	0.1455	179.0
1	31547008.0	32028328.0	-0.0726	0.7085	0.1943	167.0
1	32028328.0	32509647.0	0	0	nan	12.0
1	32509647.0	33472285.0	1.1371	0.0746	0.6377	153.0
1	32509647.0	32990966.0	0	0	nan	37.0
1	32990966.0	33472285.0	0.7569	0.002	0.2449	116.0
1	33472285.0	35397561.0	0	0	nan	625.0
1	35397561.0	39248114.0	0.2696	0.6372	0.5717	957.0
1	35397561.0	37322838.0	2.0527	0.055	1.0696	373.0
1	35397561.0	36360200.0	0	0	nan	139.0
1	36360200.0	37322838.0	0	0	nan	234.0
1	37322838.0	39248114.0	-1.7038	0.2006	1.3312	584.0
1	37322838.0	38285476.0	0	0	nan	292.0
1	38285476.0	39248114.0	0	0	nan	292.0
1	39248114.0	46949220.0	-0.2802	0.7169	0.7727	2231.0
1	39248114.0	43098667.0	0	0	nan	1129.0
1	43098667.0	46949220.0	0	0	nan	1102.0
1	46949220.0	62351431.0	1.307	0.051	0.6697	4730.0
1	46949220.0	54650326.0	-0.359	0.7097	0.9644	1862.0
1	46949220.0	50799773.0	-1.302	0.4924	1.8966	1059.0
1	46949220.0	48874497.0	0	0	nan	673.0
1	48874497.0	50799773.0	-0.927	0.0156	0.3833	386.0
1	48874497.0	49837135.0	-1.5744	1.8828e-07	0.3021	234.0
1	48874497.0	49355816.0	-1.6493	0.0007	0.4887	164.0
1	49355816.0	49837135.0	0	0	nan	70.0
1	49837135.0	50799773.0	0.1191	0.469	0.1644	152.0
1	49837135.0	50318454.0	0	0	nan	56.0
1	50318454.0	50799773.0	0.2722	0.0995	0.1652	96.0
1	50799773.0	54650326.0	-0.0646	0.9332	0.7706	803.0
1	50799773.0	52725050.0	0	0	nan	251.0
1	52725050.0	54650326.0	-0.2136	0.7142	0.5833	552.0
1	52725050.0	53687688.0	0	0	nan	282.0
1	53687688.0	54650326.0	-1.0205	0.2044	0.8041	270.0
1	53687688.0	54169007.0	-1.4042	0.0704	0.7762	163.0
1	54169007.0	54650326.0	1.1315	0.2087	0.9	107.0
1	54650326.0	62351431.0	1.7591	0.0301	0.8112	2868.0
1	54650326.0	58500879.0	0.7714	0.6238	1.5731	1650.0
1	54650326.0	56575603.0	-0.648	0.1636	0.4651	786.0
1	54650326.0	55612965.0	-0.7562	0.3766	0.8553	321.0
1	54650326.0	55131646.0	2.3698	0.5375	3.8436	140.0
1	55131646.0	55612965.0	-3.0291	0.3693	3.374	181.0
1	55612965.0	56575603.0	0	0	nan	465.0
1	56575603.0	58500879.0	0	0	nan	864.0
1	58500879.0	62351431.0	2.0201	0.0037	0.6953	1218.0
1	58500879.0	60426155.0	0	0	nan	682.0
1	60426155.0	62351431.0	2.1365	0.005	0.7603	536.0
1	60426155.0	61388793.0	2.645	0.0273	1.1984	274.0
1	60426155.0	60907474.0	1.0722	3.5621e-05	0.2593	116.0
1	60907474.0	61388793.0	0	0	nan	158.0
1	61388793.0	62351431.0	0	0	nan	262.0
1	62351431.0	123960278.0	0.3742	0.0987	0.2266	17985.0
1	62351431.0	93155855.0	0.0886	0.8351	0.4257	9656.0
1	62351431.0	77753643.0	-1.0679	0.7319	3.1164	4884.0
1	62351431.0	70052537.0	-3.3562	0.3722	3.7607	2689.0
1	62351431.0	66201984.0	-0.7865	0.1529	0.5503	1338.0
1	62351431.0	64276708.0	-2.1249	0.4133	2.5975	653.0
1	62351431.0	63314070.0	-1.3136	0.0697	0.7242	340.0
1	62351431.0	62832751.0	-0.8484	0.5558	1.4401	164.0
1	62832751.0	63314070.0	0	0	nan	176.0
1	63314070.0	64276708.0	0	0	nan	313.0
1	64276708.0	66201984.0	0	0	nan	685.0
1	66201984.0	70052537.0	0	0	nan	1351.0
1	70052537.0	77753643.0	0	0	nan	2195.0
1	77753643.0	93155855.0	0.7369	0.1521	0.5145	4772.0
1	77753643.0	85454749.0	0.5465	0.1874	0.4146	2408.0
1	77753643.0	81604196.0	0.2737	0.2166	0.2215	1154.0
1	77753643.0	79678920.0	0.3035	0.1468	0.2092	540.0
1	77753643.0	78716282.0	-0.2702	0.1167	0.1722	254.0
1	77753643.0	78234963.0	-0.9345	0.0006	0.2738	129.0
1	78234963.0	78716282.0	0	0	nan	125.0
1	78716282.0	79678920.0	0	0	nan	286.0
1	79678920.0	81604196.0	0	0	nan	614.0
1	81604196.0	85454749.0	0	0	nan	1254.0
1	85454749.0	93155855.0	1.3664	0.5893	2.5307	2364.0
1	85454749.0	89305302.0	0	0	nan	1263.0
1	89305302.0	93155855.0	0	0	nan	1101.0
1	93155855.0	123960278.0	0.4404	0.0382	0.2124	8329.0
1	93155855.0	108558067.0	0.3933	0.3249	0.3995	4665.0
1	93155855.0	100856961.0	0	0	nan	2638.0
1	100856961.0	108558067.0	0.7758	0.0319	0.3616	2027.0
1	100856961.0	104707514.0	0	0	nan	1034.0
1	104707514.0	108558067.0	0.7919	0.0008	0.236	993.0
1	104707514.0	106632791.0	0.3186	0.1883	0.2421	374.0
1	104707514.0	105670153.0	0.6252	0.0805	0.3577	192.0
1	104707514.0	105188834.0	0	0	nan	104.0
1	105188834.0	105670153.0	0	0	nan	88.0
1	105670153.0	106632791.0	0.4549	0.5618	0.7841	182.0
1	105670153.0	106151472.0	0.8716	0.141	0.5921	101.0
1	106151472.0	106632791.0	0	0	nan	81.0
1	106632791.0	108558067.0	1.0112	0.0199	0.4344	619.0
1	106632791.0	107595429.0	0	0	nan	241.0
1	107595429.0	108558067.0	0.8824	0.0006	0.2577	378.0
1	107595429.0	108076748.0	0	0	nan	181.0
1	108076748.0	108558067.0	0	0	nan	197.0
1	108558067.0	123960278.0	1.5289	0.0802	0.8739	3664.0
1	108558067.0	116259173.0	1.6218	0.2734	1.4809	2461.0
1	108558067.0	112408620.0	0	0	nan	1283.0
1	112408620.0	116259173.0	1.026	0.0002	0.2745	1178.0
1	112408620.0	114333897.0	0.9662	0.0028	0.3237	460.0
1	112408620.0	113371259.0	1.3434	0.0158	0.5566	195.0
1	112408620.0	112889940.0	0.7462	0.0542	0.3875	139.0
1	112889940.0	113371259.0	0	0	nan	56.0
1	113371259.0	114333897.0	0	0	nan	265.0
1	114333897.0	116259173.0	0.7139	0.0044	0.2508	718.0
1	114333897.0	115296535.0	0.9153	0.0018	0.2928	280.0
1	114333897.0	114815216.0	1.1075	0.1232	0.7186	145.0
1	114815216.0	115296535.0	0	0	nan	135.0
1	115296535.0	116259173.0	0	0	nan	438.0
1	116259173.0	123960278.0	1.7558	0.1002	1.068	1203.0
1	116259173.0	120109726.0	1.8161	0.0142	0.741	1137.0
1	116259173.0	118184450.0	0	0	nan	545.0
1	118184450.0	120109726.0	1.8806	0.0037	0.6487	592.0
1	118184450.0	119147088.0	2.5946	0.0027	0.8647	289.0
1	118184450.0	118665769.0	2.1628	0.0167	0.9034	118.0
1	118665769.0	119147088.0	0	0	nan	171.0
1	119147088.0	120109726.0	0	0	nan	303.0
1	120109726.0	123960278.0	0	0	nan	66.0
1	123960278.0	247177973	0.8277	0.0111	0.3258	32370.0
1	123960278.0	185569126.0	0	0	nan	12948.0
1	185569126.0	247177973	0.5361	0.0574	0.2821	19422.0
1	185569126.0	216373550.0	0.5767	0.0617	0.3087	9871.0
1	185569126.0	200971338.0	1.4386	0.0118	0.5715	4505.0
1	185569126.0	193270232.0	0	0	nan	2221.0
1	193270232.0	200971338.0	1.0212	0.0573	0.5371	2284.0
1	193270232.0	197120785.0	1.207	0.0166	0.5039	972.0
1	193270232.0	195195509.0	0	0	nan	452.0
1	195195509.0	197120785.0	1.1396	0.0101	0.4429	520.0
1	195195509.0	196158147.0	0	0	nan	241.0
1	196158147.0	197120785.0	0.8289	0.0003	0.2272	279.0
1	196158147.0	196639466.0	0.4729	0.0269	0.2137	142.0
1	196639466.0	197120785.0	0	0	nan	137.0
1	197120785.0	200971338.0	0.9035	0.2767	0.8307	1312.0
1	197120785.0	199046062.0	0.5457	0.2113	0.4366	660.0
1	197120785.0	198083424.0	0	0	nan	286.0
1	198083424.0	199046062.0	0	0	nan	374.0
1	199046062.0	200971338.0	0	0	nan	652.0
1	200971338.0	216373550.0	-0.0941	0.7875	0.3491	5366.0
1	200971338.0	208672444.0	-0.2427	0.4235	0.3032	2536.0
1	200971338.0	204821891.0	-0.604	0.0333	0.2838	1135.0
1	200971338.0	202896615.0	0.1856	0.7131	0.5048	594.0
1	200971338.0	201933977.0	0	0	nan	232.0
1	201933977.0	202896615.0	0	0	nan	362.0
1	202896615.0	204821891.0	-1.1045	0.0035	0.3783	541.0
1	202896615.0	203859253.0	-1.2408	0.0018	0.3975	357.0
1	202896615.0	203377934.0	0	0	nan	218.0
1	203377934.0	203859253.0	-1.1512	0.0847	0.6677	139.0
1	203859253.0	204821891.0	0	0	nan	184.0
1	204821891.0	208672444.0	0.4575	0.1288	0.3012	1401.0
1	204821891.0	206747168.0	-0.0481	0.8678	0.289	686.0
1	204821891.0	205784530.0	0	0	nan	282.0
1	205784530.0	206747168.0	-0.1363	0.4792	0.1926	404.0
1	205784530.0	206265849.0	1.0586	0.0132	0.4272	176.0
1	206265849.0	206747168.0	0	0	nan	228.0
1	206747168.0	208672444.0	0	0	nan	715.0
1	208672444.0	216373550.0	0.8756	0.5102	1.3295	2830.0
1	208672444.0	212522997.0	0	0	nan	1296.0
1	212522997.0	216373550.0	0	0	nan	1534.0
1	216373550.0	247177973	0.4062	0.3712	0.4542	9551.0
1	216373550.0	231775762.0	0	0	nan	4895.0
1	231775762.0	247177973	0.7307	0.06	0.3885	4656.0
1	231775762.0	239476868.0	1.0122	0.2468	0.874	2642.0
1	231775762.0	235626315.0	1.942	0.6555	4.3529	1308.0
1	231775762.0	233701039.0	0	0	nan	616.0
1	233701039.0	235626315.0	1.2238	0.2267	1.0124	692.0
1	233701039.0	234663677.0	0.5476	0.0083	0.2073	303.0
1	233701039.0	234182358.0	0.9336	3.0871e-08	0.1686	153.0
1	234182358.0	234663677.0	0	0	nan	150.0
1	234663677.0	235626315.0	0	0	nan	389.0
1	235626315.0	239476868.0	0	0	nan	1334.0
1	239476868.0	247177973	0.5712	0.0422	0.2811	2014.0
1	239476868.0	243327421.0	0.559	0.0535	0.2895	1106.0
1	239476868.0	241402145.0	0	0	nan	618.0
1	241402145.0	243327421.0	0.7867	0.002	0.2551	488.0
1	241402145.0	242364783.0	0.7215	5.937e-05	0.1797	262.0
1	241402145.0	241883464.0	0	0	nan	129.0
1	241883464.0	242364783.0	0.7325	0.0053	0.2626	133.0
1	242364783.0	243327421.0	0	0	nan	226.0
1	243327421.0	247177973	0	0	nan	908.0
2	5703	242669396	0.7606	0.0001	0.1956	70077.0
2	5703	121337549.0	0.6465	0.0022	0.2115	35721.0
2	5703	60671626.0	0.4874	0.1617	0.3482	20900.0
2	5703	30338665.0	0.0868	0.8639	0.5066	9731.0
2	5703	15172184.0	0.2799	0.6972	0.7195	4988.0
2	5703	7588944.0	0	0	nan	2623.0
2	7588944.0	15172184.0	-0.5181	0.4922	0.7545	2365.0
2	7588944.0	11380564.0	-0.5294	0.6648	1.2218	1095.0
2	7588944.0	9484754.0	-0.2997	0.5892	0.555	564.0
2	7588944.0	8536849.0	0	0	nan	325.0
2	8536849.0	9484754.0	-0.9189	0.6039	1.7712	239.0
2	8536849.0	9010802.0	0	0	nan	98.0
2	9010802.0	9484754.0	0.0104	0.99	0.8267	141.0
2	9484754.0	11380564.0	0	0	nan	531.0
2	11380564.0	15172184.0	0	0	nan	1270.0
2	15172184.0	30338665.0	-0.1872	0.7819	0.6763	4743.0
2	15172184.0	22755425.0	0	0	nan	2483.0
2	22755425.0	30338665.0	-0.6668	0.1265	0.4364	2260.0
2	22755425.0	26547045.0	0	0	nan	1034.0
2	26547045.0	30338665.0	-0.1612	0.6812	0.3925	1226.0
2	26547045.0	28442855.0	-0.9478	0.1547	0.6659	496.0
2	26547045.0	27494950.0	0	0	nan	260.0
2	27494950.0	28442855.0	-0.0392	0.8922	0.2889	236.0
2	27494950.0	27968903.0	-0.4499	4.7055e-07	0.0893	103.0
2	27968903.0	28442855.0	0.8056	0.1773	0.5972	133.0
2	28442855.0	30338665.0	0	0	nan	730.0
2	30338665.0	60671626.0	0.52	0.0311	0.2412	11169.0
2	30338665.0	45505146.0	0.887	0.5746	1.5804	5456.0
2	30338665.0	37921906.0	0.5444	0.0583	0.2875	2712.0
2	30338665.0	34130286.0	0.7455	0.0477	0.3765	1284.0
2	30338665.0	32234476.0	0.9707	0.0786	0.5519	610.0
2	30338665.0	31286571.0	0.929	0.0493	0.4726	376.0
2	30338665.0	30812618.0	0	0	nan	184.0
2	30812618.0	31286571.0	-0.1494	0.7898	0.5604	192.0
2	31286571.0	32234476.0	0.8406	0.1845	0.6334	234.0
2	31286571.0	31760524.0	0.3739	0.6502	0.8243	151.0
2	31760524.0	32234476.0	0	0	nan	83.0
2	32234476.0	34130286.0	0	0	nan	674.0
2	34130286.0	37921906.0	0	0	nan	1428.0
2	37921906.0	45505146.0	0	0	nan	2744.0
2	45505146.0	60671626.0	0.7531	0.0944	0.4502	5713.0
2	45505146.0	53088386.0	0.8237	0.0002	0.2201	2822.0
2	45505146.0	49296766.0	0	0	nan	1344.0
2	49296766.0	53088386.0	1.094	0.0007	0.3212	1478.0
2	49296766.0	51192576.0	0	0	nan	737.0
2	51192576.0	53088386.0	0.6006	0.0004	0.1681	741.0
2	51192576.0	52140481.0	-0.0461	0.7817	0.1665	326.0
2	51192576.0	51666529.0	0	0	nan	168.0
2	51666529.0	52140481.0	0	0	nan	158.0
2	52140481.0	53088386.0	1.7474	0.0401	0.8513	415.0
2	52140481.0	52614434.0	0	0	nan	159.0
2	52614434.0	53088386.0	0.5944	2.9963e-07	0.116	256.0
2	53088386.0	60671626.0	0	0	nan	2891.0
2	60671626.0	121337549.0	0.9551	0.0012	0.2945	14821.0
2	60671626.0	91004588.0	0.8376	0.0048	0.2968	8063.0
2	60671626.0	75838107.0	0.4609	0.014	0.1875	4528.0
2	60671626.0	68254867.0	0.7705	0.0497	0.3925	2286.0
2	60671626.0	64463247.0	0.5287	0.4471	0.6955	904.0
2	60671626.0	62567437.0	0	0	nan	396.0
2	62567437.0	64463247.0	0.3745	0.2494	0.3252	508.0
2	62567437.0	63515342.0	0.9371	0.4501	1.2409	223.0
2	62567437.0	63041390.0	0	0	nan	123.0
2	63041390.0	63515342.0	0	0	nan	100.0
2	63515342.0	64463247.0	0	0	nan	285.0
2	64463247.0	68254867.0	1.3759	0.5282	2.1815	1382.0
2	64463247.0	66359057.0	0	0	nan	637.0
2	66359057.0	68254867.0	0	0	nan	745.0
2	68254867.0	75838107.0	0.2709	0.1664	0.1957	2242.0
2	68254867.0	72046487.0	0.225	0.5869	0.4142	1250.0
2	68254867.0	70150677.0	0	0	nan	633.0
2	70150677.0	72046487.0	0.7149	0.0496	0.3642	617.0
2	70150677.0	71098582.0	0.9557	0.2222	0.7829	349.0
2	70150677.0	70624630.0	0.8742	0.0015	0.2753	174.0
2	70624630.0	71098582.0	0	0	nan	175.0
2	71098582.0	72046487.0	0	0	nan	268.0
2	72046487.0	75838107.0	0.1378	0.448	0.1816	992.0
2	72046487.0	73942297.0	0.2856	0.0811	0.1637	392.0
2	72046487.0	72994392.0	0.7203	5.9255e-05	0.1794	201.0
2	72046487.0	72520440.0	0	0	nan	128.0
2	72520440.0	72994392.0	0	0	nan	73.0
2	72994392.0	73942297.0	0	0	nan	191.0
2	73942297.0	75838107.0	-0.556	0.3085	0.5461	600.0
2	73942297.0	74890202.0	-0.635	0.2629	0.5672	230.0
2	73942297.0	74416250.0	-0.9569	0.1433	0.6538	126.0
2	74416250.0	74890202.0	0	0	nan	104.0
2	74890202.0	75838107.0	0	0	nan	370.0
2	75838107.0	91004588.0	0	0	nan	3535.0
2	91004588.0	121337549.0	1.1216	0.0436	0.5559	6758.0
2	91004588.0	106171069.0	0.5605	0.1298	0.37	2888.0
2	91004588.0	98587829.0	0.6905	3.6345e-08	0.1254	476.0
2	91004588.0	94796209.0	0	0	1	nan
2	94796209.0	98587829.0	0.6905	3.6345e-08	0.1254	476.0
2	94796209.0	96692019.0	0.8066	5.0643e-14	0.1071	179.0
2	94796209.0	95744114.0	0	0	nan	66.0
2	95744114.0	96692019.0	0.7949	5.7506e-09	0.1365	113.0
2	95744114.0	96218067.0	1.3959	2.4838e-07	0.2706	37.0
2	96218067.0	96692019.0	0.724	1.1276e-18	0.0821	76.0
2	96692019.0	98587829.0	0.5987	1.4085e-05	0.1379	297.0
2	96692019.0	97639924.0	0	0	nan	79.0
2	97639924.0	98587829.0	0.8128	2.2353e-11	0.1215	218.0
2	97639924.0	98113877.0	0.7284	4.5526e-46	0.0511	92.0
2	98113877.0	98587829.0	0	0	nan	126.0
2	98587829.0	106171069.0	0.2917	0.574	0.5189	2412.0
2	98587829.0	102379449.0	1.7009	0.01	0.66	1220.0
2	98587829.0	100483639.0	0	0	nan	552.0
2	100483639.0	102379449.0	2.0034	0.1467	1.3806	668.0
2	100483639.0	101431544.0	0.2414	0.6854	0.5958	304.0
2	100483639.0	100957592.0	-0.6457	0.0788	0.3674	179.0
2	100957592.0	101431544.0	0	0	nan	125.0
2	101431544.0	102379449.0	0	0	nan	364.0
2	102379449.0	106171069.0	-0.4239	0.6139	0.8403	1192.0
2	102379449.0	104275259.0	0	0	nan	467.0
2	104275259.0	106171069.0	-1.4844	0.4316	1.8875	725.0
2	104275259.0	105223164.0	0	0	nan	234.0
2	105223164.0	106171069.0	0	0	nan	491.0
2	106171069.0	121337549.0	0	0	nan	3870.0
2	121337549.0	242669396	1.0115	0.0478	0.511	34356.0
2	121337549.0	182003473.0	0	0	nan	17351.0
2	182003473.0	242669396	1.0936	0.0023	0.358	17005.0
2	182003473.0	212336435.0	1.2661	0.0004	0.3549	7862.0
2	182003473.0	197169954.0	1.4882	0.0005	0.427	3477.0
2	182003473.0	189586714.0	2.3956	0.0002	0.6395	1859.0
2	182003473.0	185795094.0	1.7959	0.005	0.6393	994.0
2	182003473.0	183899284.0	0	0	nan	587.0
2	183899284.0	185795094.0	1.1384	3.7014e-08	0.2068	407.0
2	183899284.0	184847189.0	4.1314	0.8032	16.5757	236.0
2	183899284.0	184373237.0	0	0	nan	125.0
2	184373237.0	184847189.0	0	0	nan	111.0
2	184847189.0	185795094.0	0	0	nan	171.0
2	185795094.0	189586714.0	2.3719	0.003	0.7983	865.0
2	185795094.0	187690904.0	1.1197	0.0002	0.302	461.0
2	185795094.0	186742999.0	0	0	nan	223.0
2	186742999.0	187690904.0	0	0	nan	238.0
2	187690904.0	189586714.0	0	0	nan	404.0
2	189586714.0	197169954.0	0.8429	0.0059	0.3061	1618.0
2	189586714.0	193378334.0	0.9923	0.0164	0.4134	854.0
2	189586714.0	191482524.0	0.2279	0.6071	0.4431	464.0
2	189586714.0	190534619.0	1.3057	0.6827	3.1942	213.0
2	189586714.0	190060667.0	0.712	0.0037	0.245	94.0
2	190060667.0	190534619.0	0	0	nan	119.0
2	190534619.0	191482524.0	0.0465	0.9295	0.5264	251.0
2	190534619.0	191008572.0	0	0	nan	112.0
2	191008572.0	191482524.0	0.7176	9.7108e-05	0.1841	139.0
2	191482524.0	193378334.0	0.8808	0.1776	0.6533	390.0
2	191482524.0	192430429.0	0	0	nan	216.0
2	192430429.0	193378334.0	0.9345	0.0008	0.2791	174.0
2	192430429.0	192904382.0	0	0	nan	109.0
2	192904382.0	193378334.0	0.5455	0.0527	0.2816	65.0
2	193378334.0	197169954.0	0.5639	0.0702	0.3115	764.0
2	193378334.0	195274144.0	0.5023	0.001	0.1523	230.0
2	193378334.0	194326239.0	0.8489	0.1114	0.5333	121.0
2	193378334.0	193852287.0	0.7018	0.198	0.5452	58.0
2	193852287.0	194326239.0	0	0	nan	63.0
2	194326239.0	195274144.0	-0.7133	0.1266	0.4669	109.0
2	194326239.0	194800192.0	-0.7044	0.0224	0.3084	31.0
2	194800192.0	195274144.0	0	0	nan	78.0
2	195274144.0	197169954.0	0.32	0.5387	0.5204	534.0
2	195274144.0	196222049.0	-1.149	0.6945	2.9256	240.0
2	195274144.0	195748097.0	0	0	nan	128.0
2	195748097.0	196222049.0	-1.9563	0.2059	1.5467	112.0
2	196222049.0	197169954.0	0	0	nan	294.0
2	197169954.0	212336435.0	0.9598	0.015	0.3945	4385.0
2	197169954.0	204753195.0	0.7401	0.0048	0.2623	2126.0
2	197169954.0	200961575.0	1.0404	1.4365e-07	0.1978	997.0
2	197169954.0	199065765.0	0	0	nan	523.0
2	199065765.0	200961575.0	0.5802	0.0423	0.2858	474.0
2	199065765.0	200013670.0	-0.0451	0.9714	1.258	199.0
2	199065765.0	199539718.0	0	0	nan	117.0
2	199539718.0	200013670.0	1.2229	2.2529e-05	0.2885	82.0
2	200013670.0	200961575.0	0.8666	2.9671e-07	0.1691	275.0
2	200013670.0	200487623.0	1.575	0.1428	1.0748	100.0
2	200487623.0	200961575.0	0.6313	5.4929e-05	0.1565	175.0
2	200961575.0	204753195.0	-0.2934	0.5358	0.4738	1129.0
2	200961575.0	202857385.0	0	0	nan	625.0
2	202857385.0	204753195.0	-1.35	0.0414	0.6619	504.0
2	202857385.0	203805290.0	0.2176	0.6287	0.4501	180.0
2	202857385.0	203331338.0	0	0	nan	89.0
2	203331338.0	203805290.0	-2.5735	0.3136	2.5539	91.0
2	203805290.0	204753195.0	0	0	nan	324.0
2	204753195.0	212336435.0	0	0	nan	2259.0
2	212336435.0	242669396	0.8906	0.1897	0.6791	9143.0
2	212336435.0	227502916.0	0	0	nan	4782.0
2	227502916.0	242669396	0.61	0.0072	0.2269	4361.0
2	227502916.0	235086156.0	0.2044	0.595	0.3844	2344.0
2	227502916.0	231294536.0	0	0	nan	1132.0
2	231294536.0	235086156.0	0.5289	0.1216	0.3417	1212.0
2	231294536.0	233190346.0	0	0	nan	461.0
2	233190346.0	235086156.0	0.2327	0.3885	0.2699	751.0
2	233190346.0	234138251.0	1.6784	0.011	0.6603	327.0
2	233190346.0	233664299.0	1.4438	0.0005	0.4173	178.0
2	233664299.0	234138251.0	0	0	nan	149.0
2	234138251.0	235086156.0	0	0	nan	424.0
2	235086156.0	242669396	1.3268	0.1137	0.8388	2017.0
2	235086156.0	238877776.0	1.0156	0.0008	0.304	1110.0
2	235086156.0	236981966.0	0.6779	0.0005	0.1939	568.0
2	235086156.0	236034061.0	0	0	nan	350.0
2	236034061.0	236981966.0	0.9865	0.0135	0.3993	218.0
2	236034061.0	236508014.0	2.1837	0.0452	1.0905	124.0
2	236508014.0	236981966.0	-0.512	0.0549	0.2666	94.0
2	236981966.0	238877776.0	0	0	nan	542.0
2	238877776.0	242669396	0	0	nan	907.0
3	36044	199322659	0.5653	0.002	0.1829	57538.0
3	36044	99679351.0	0.3047	0.2261	0.2517	29083.0
3	36044	49857698.0	0.0293	0.9211	0.2964	16187.0
3	36044	24946871.0	0.0119	0.9678	0.2939	8896.0
3	36044	12491458.0	0.2752	0.3357	0.2858	4878.0
3	36044	6263751.0	0.1078	0.8091	0.4461	2451.0
3	36044	3149898.0	0.0369	0.9542	0.6429	1238.0
3	36044	1592971.0	0	0	nan	615.0
3	1592971.0	3149898.0	-0.0093	0.9855	0.515	623.0
3	3149898.0	6263751.0	0.1848	0.6694	0.4327	1213.0
3	3149898.0	4706825.0	0	0	nan	704.0
3	4706825.0	6263751.0	0.8514	0.1836	0.6403	509.0
3	4706825.0	5485288.0	0.4251	0.4843	0.6079	192.0
3	4706825.0	5096057.0	-1.2552	0.3992	1.4889	116.0
3	5096057.0	5485288.0	1.6965	0.1457	1.1661	76.0
3	5485288.0	6263751.0	1.4823	0.1577	1.0493	317.0
3	5485288.0	5874520.0	0.1671	0.5118	0.2548	137.0
3	5874520.0	6263751.0	0	0	nan	180.0
3	6263751.0	12491458.0	0.4511	0.2517	0.3936	2427.0
3	6263751.0	9377605.0	-0.6437	0.2895	0.6077	1366.0
3	6263751.0	7820678.0	-0.8735	0.2324	0.7314	659.0
3	6263751.0	7042215.0	-0.8056	0.4952	1.1812	262.0
3	6263751.0	6652983.0	0	0	nan	155.0
3	6652983.0	7042215.0	0	0	nan	107.0
3	7042215.0	7820678.0	0	0	nan	397.0
3	7820678.0	9377605.0	0	0	nan	707.0
3	9377605.0	12491458.0	0	0	nan	1061.0
3	12491458.0	24946871.0	-0.1755	0.703	0.4602	4018.0
3	12491458.0	18719165.0	0.4697	0.568	0.8227	1942.0
3	12491458.0	15605312.0	1.2449	0.3554	1.347	1009.0
3	12491458.0	14048385.0	0	0	nan	462.0
3	14048385.0	15605312.0	-1.4414	0.1954	1.1132	547.0
3	14048385.0	14826849.0	0	0	nan	291.0
3	14826849.0	15605312.0	-0.699	0.1063	0.4328	256.0
3	14826849.0	15216081.0	-0.7516	0.7625	2.4875	140.0
3	15216081.0	15605312.0	0	0	nan	116.0
3	15605312.0	18719165.0	-0.842	0.2277	0.698	933.0
3	15605312.0	17162239.0	0	0	nan	572.0
3	17162239.0	18719165.0	0	0	nan	361.0
3	18719165.0	24946871.0	-1.0461	0.4313	1.3293	2076.0
3	18719165.0	21833018.0	0	0	nan	1006.0
3	21833018.0	24946871.0	-0.4082	0.075	0.2293	1070.0
3	21833018.0	23389945.0	-1.4603	0.0919	0.8664	589.0
3	21833018.0	22611482.0	-1.1426	0.0997	0.6941	346.0
3	21833018.0	22222250.0	0	0	nan	182.0
3	22222250.0	22611482.0	-0.8451	1.5323e-05	0.1954	164.0
3	22611482.0	23389945.0	0	0	nan	243.0
3	23389945.0	24946871.0	0.0991	0.5967	0.1873	481.0
3	23389945.0	24168408.0	-0.0636	0.7672	0.2149	229.0
3	23389945.0	23779177.0	0	0	nan	99.0
3	23779177.0	24168408.0	0	0	nan	130.0
3	24168408.0	24946871.0	0.4472	0.1933	0.3438	252.0
3	24168408.0	24557640.0	0.3491	0.0592	0.1851	109.0
3	24557640.0	24946871.0	0	0	nan	143.0
3	24946871.0	49857698.0	0.0612	0.8708	0.3763	7291.0
3	24946871.0	37402285.0	0.0409	0.9473	0.6186	3825.0
3	24946871.0	31174578.0	0	0	nan	2036.0
3	31174578.0	37402285.0	0.5536	0.1383	0.3735	1789.0
3	31174578.0	34288432.0	-1.1444	0.3193	1.1491	817.0
3	31174578.0	32731505.0	0	0	nan	453.0
3	32731505.0	34288432.0	-1.5967	0.2996	1.5393	364.0
3	32731505.0	33509969.0	0	0	nan	127.0
3	33509969.0	34288432.0	-0.5579	0.03	0.2571	237.0
3	33509969.0	33899201.0	-0.7495	0.0086	0.2853	103.0
3	33899201.0	34288432.0	0.975	0.4523	1.2974	134.0
3	34288432.0	37402285.0	1.8015	0.0049	0.6406	972.0
3	34288432.0	35845359.0	0	0	nan	486.0
3	35845359.0	37402285.0	1.8459	0.0017	0.588	486.0
3	35845359.0	36623822.0	0	0	nan	267.0
3	36623822.0	37402285.0	0.9249	4.4863e-15	0.118	219.0
3	36623822.0	37013054.0	0.6684	3.7349e-07	0.1315	106.0
3	37013054.0	37402285.0	1.0917	3.5667e-16	0.1339	113.0
3	37402285.0	49857698.0	0.1853	0.5335	0.2975	3466.0
3	37402285.0	43629992.0	0.6311	0.2726	0.5753	1891.0
3	37402285.0	40516139.0	0.7973	0.0084	0.3027	1049.0
3	37402285.0	38959212.0	0	0	nan	552.0
3	38959212.0	40516139.0	0	0	nan	497.0
3	40516139.0	43629992.0	0	0	nan	842.0
3	43629992.0	49857698.0	0	0	nan	1575.0
3	49857698.0	99679351.0	0.5883	0.0102	0.2292	12896.0
3	49857698.0	74768525.0	0.9623	0.0003	0.2645	8427.0
3	49857698.0	62313112.0	0.6546	0.0002	0.1754	4333.0
3	49857698.0	56085405.0	0.702	7.8993e-05	0.1778	1852.0
3	49857698.0	52971552.0	1.0025	0.0027	0.3345	734.0
3	49857698.0	51414625.0	0	0	nan	397.0
3	51414625.0	52971552.0	1.0289	0.0193	0.4397	337.0
3	51414625.0	52193089.0	0	0	nan	94.0
3	52193089.0	52971552.0	0	0	nan	243.0
3	52971552.0	56085405.0	0.514	0.0883	0.3016	1118.0
3	52971552.0	54528479.0	0.4029	0.2118	0.3227	474.0
3	52971552.0	53750016.0	1.0621	0.4315	1.3501	222.0
3	52971552.0	53360784.0	0.9817	0.0047	0.3476	123.0
3	53360784.0	53750016.0	0	0	nan	99.0
3	53750016.0	54528479.0	-0.1151	0.6526	0.2558	252.0
3	53750016.0	54139248.0	0	0	nan	125.0
3	54139248.0	54528479.0	0	0	nan	127.0
3	54528479.0	56085405.0	0	0	nan	644.0
3	56085405.0	62313112.0	0	0	nan	2481.0
3	62313112.0	74768525.0	0	0	nan	4094.0
3	74768525.0	99679351.0	-1.4538	0.0699	0.802	4469.0
3	74768525.0	87223938.0	0	0	nan	2843.0
3	87223938.0	99679351.0	0	0	nan	1626.0
3	99679351.0	199322659	0.8857	0.0018	0.2838	28455.0
3	99679351.0	149501005.0	0.9281	0.1277	0.6092	14979.0
3	99679351.0	124590178.0	1.6677	0.0175	0.7018	7555.0
3	99679351.0	112134765.0	1.6356	0.1503	1.1371	3571.0
3	99679351.0	105907058.0	0	0	nan	1780.0
3	105907058.0	112134765.0	1.1316	0.2294	0.9415	1791.0
3	105907058.0	109020912.0	1.0056	0.0855	0.5848	860.0
3	105907058.0	107463985.0	0	0	nan	483.0
3	107463985.0	109020912.0	0.7314	0.0021	0.2379	377.0
3	107463985.0	108242449.0	0	0	nan	186.0
3	108242449.0	109020912.0	0	0	nan	191.0
3	109020912.0	112134765.0	0	0	nan	931.0
3	112134765.0	124590178.0	1.6176	0.0629	0.8699	3984.0
3	112134765.0	118362472.0	0	0	nan	1895.0
3	118362472.0	124590178.0	1.0556	0.0232	0.4649	2089.0
3	118362472.0	121476325.0	1.6327	0.0554	0.8521	1125.0
3	118362472.0	119919399.0	0	0	nan	527.0
3	119919399.0	121476325.0	1.4187	0.0428	0.7004	598.0
3	119919399.0	120697862.0	0	0	nan	282.0
3	120697862.0	121476325.0	1.6908	0.1897	1.2893	316.0
3	120697862.0	121087094.0	0	0	nan	187.0
3	121087094.0	121476325.0	1.5711	0.3815	1.7954	129.0
3	121476325.0	124590178.0	0.3311	0.6845	0.8148	964.0
3	121476325.0	123033252.0	0.9818	0.0017	0.3131	399.0
3	121476325.0	122254789.0	0.5544	0.05	0.2828	231.0
3	121476325.0	121865557.0	1.8711	0.0063	0.6849	130.0
3	121865557.0	122254789.0	-1.3492	0.0431	0.6672	101.0
3	122254789.0	123033252.0	1.0345	0.0014	0.324	168.0
3	122254789.0	122644021.0	0.1627	0.5691	0.2858	70.0
3	122644021.0	123033252.0	1.5512	0.0169	0.6495	98.0
3	123033252.0	124590178.0	0	0	nan	565.0
3	124590178.0	149501005.0	0	0	nan	7424.0
3	149501005.0	199322659	0.7698	0.0014	0.2403	13476.0
3	149501005.0	174411832.0	1.1598	0.0257	0.52	7026.0
3	149501005.0	161956419.0	0	0	nan	3612.0
3	161956419.0	174411832.0	0.8294	0.0021	0.2693	3414.0
3	161956419.0	168184126.0	0	0	nan	1694.0
3	168184126.0	174411832.0	0.3966	0.2146	0.3195	1720.0
3	168184126.0	171297979.0	1.0043	0.2494	0.872	833.0
3	168184126.0	169741053.0	0.1009	0.725	0.2868	390.0
3	168184126.0	168962590.0	1.8018	0.2949	1.7202	209.0
3	168184126.0	168573358.0	0	0	nan	89.0
3	168573358.0	168962590.0	0	0	nan	120.0
3	168962590.0	169741053.0	0	0	nan	181.0
3	169741053.0	171297979.0	1.6924	0.3025	1.6416	443.0
3	169741053.0	170519516.0	0	0	nan	205.0
3	170519516.0	171297979.0	0.2602	0.4627	0.3543	238.0
3	170519516.0	170908748.0	0	0	nan	120.0
3	170908748.0	171297979.0	0.0837	0.8308	0.3917	118.0
3	171297979.0	174411832.0	0.2824	0.4224	0.3519	887.0
3	171297979.0	172854906.0	-0.0489	0.9137	0.4512	466.0
3	171297979.0	172076443.0	0	0	nan	221.0
3	172076443.0	172854906.0	-0.3292	0.5368	0.533	245.0
3	172076443.0	172465675.0	0	0	nan	110.0
3	172465675.0	172854906.0	3.7419	0.7412	11.3284	135.0
3	172854906.0	174411832.0	1.1176	0.035	0.5301	421.0
3	172854906.0	173633369.0	0.7813	0.3928	0.9143	215.0
3	172854906.0	173244138.0	1.1691	0.0155	0.4831	109.0
3	173244138.0	173633369.0	0	0	nan	106.0
3	173633369.0	174411832.0	0	0	nan	206.0
3	174411832.0	199322659	0.7334	0.0536	0.3799	6450.0
3	174411832.0	186867246.0	1.5668	0.6377	3.3275	3061.0
3	174411832.0	180639539.0	1.8643	0.7646	6.2256	1722.0
3	174411832.0	177525686.0	1.5171	0.2992	1.4613	851.0
3	174411832.0	175968759.0	1.6663	0.0913	0.9868	457.0
3	174411832.0	175190296.0	1.4852	0.0818	0.8535	194.0
3	174411832.0	174801064.0	0.4043	0.4032	0.4837	68.0
3	174801064.0	175190296.0	0	0	nan	126.0
3	175190296.0	175968759.0	1.5931	0.2006	1.2449	263.0
3	175190296.0	175579528.0	1.5586	0.1428	1.0635	165.0
3	175579528.0	175968759.0	0	0	nan	98.0
3	175968759.0	177525686.0	0	0	nan	394.0
3	177525686.0	180639539.0	0	0	nan	871.0
3	180639539.0	186867246.0	0.4043	0.7925	1.5372	1339.0
3	180639539.0	183753393.0	0	0	nan	511.0
3	183753393.0	186867246.0	0	0	nan	828.0
3	186867246.0	199322659	0.4887	0.1927	0.3752	3389.0
3	186867246.0	193094953.0	1.6997	0.4077	2.053	1958.0
3	186867246.0	189981100.0	-0.7862	0.8034	3.1574	967.0
3	186867246.0	188424173.0	0	0	nan	412.0
3	188424173.0	189981100.0	-2.4916	0.6811	6.0627	555.0
3	188424173.0	189202637.0	0	0	nan	344.0
3	189202637.0	189981100.0	0	0	nan	211.0
3	189981100.0	193094953.0	2.9442	0.3075	2.8851	991.0
3	189981100.0	191538027.0	0	0	nan	471.0
3	191538027.0	193094953.0	-0.1839	0.5917	0.3429	520.0
3	191538027.0	192316490.0	-1.2352	0.1733	0.9071	274.0
3	191538027.0	191927259.0	-2.0039	0.1019	1.225	139.0
3	191927259.0	192316490.0	0.5999	0.3677	0.666	135.0
3	192316490.0	193094953.0	0	0	nan	246.0
3	193094953.0	199322659	0.1587	0.5625	0.274	1431.0
3	193094953.0	196208806.0	0	0	nan	900.0
3	196208806.0	199322659	0.5434	0.1379	0.3663	531.0
3	196208806.0	197765733.0	-0.1263	0.5331	0.2027	207.0
3	196208806.0	196987270.0	-1.3702	2.6112e-09	0.2301	122.0
3	196208806.0	196598038.0	-1.6174	4.1843e-05	0.3948	100.0
3	196598038.0	196987270.0	-0.5418	0.0147	0.2221	22.0
3	196987270.0	197765733.0	0.7185	0.0257	0.3221	85.0
3	196987270.0	197376502.0	0	0	nan	42.0
3	197376502.0	197765733.0	1.6598	0.006	0.6042	43.0
3	197765733.0	199322659	1.2587	0.1573	0.89	324.0
3	197765733.0	198544196.0	1.736	0.0012	0.5374	201.0
3	197765733.0	198154965.0	0	0	nan	82.0
3	198154965.0	198544196.0	0.9618	2.0471e-05	0.2258	119.0
3	198544196.0	199322659	0	0	nan	123.0
4	59713	191184445	-0.0713	0.8664	0.4239	51393.0
4	59713	95622079.0	-0.1519	0.8776	0.986	26191.0
4	59713	47840896.0	-0.7136	0.5026	1.0645	14210.0
4	59713	23950305.0	0	0	nan	7562.0
4	23950305.0	47840896.0	0	0	nan	6648.0
4	47840896.0	95622079.0	0	0	nan	11981.0
4	95622079.0	191184445	-0.0158	0.9662	0.3724	25202.0
4	95622079.0	143403262.0	-0.2861	0.6562	0.6428	12774.0
4	95622079.0	119512671.0	-0.196	0.6774	0.4711	6586.0
4	95622079.0	107567375.0	0.2173	0.4918	0.3162	3373.0
4	95622079.0	101594727.0	0	0	nan	1772.0
4	101594727.0	107567375.0	-0.2281	0.4468	0.2999	1601.0
4	101594727.0	104581051.0	0	0	nan	826.0
4	104581051.0	107567375.0	0	0	nan	775.0
4	107567375.0	119512671.0	0	0	nan	3213.0
4	119512671.0	143403262.0	0	0	nan	6188.0
4	143403262.0	191184445	0	0	nan	12428.0
5	89344	179998061	0.935	0.0208	0.4045	53929.0
5	89344	90043702.0	0.4914	0.1873	0.3727	26053.0
5	89344	45066523.0	0	0	nan	13947.0
5	45066523.0	90043702.0	0.5726	0.0992	0.3473	12106.0
5	45066523.0	67555113.0	0.9308	0.0267	0.4201	6146.0
5	45066523.0	56310818.0	1.5217	0.1098	0.9516	2393.0
5	45066523.0	50688671.0	0.7857	9.1399e-06	0.1771	429.0
5	45066523.0	47877597.0	0	0	nan	154.0
5	47877597.0	50688671.0	0.9573	0.0006	0.2789	275.0
5	47877597.0	49283134.0	0	0	1	nan
5	49283134.0	50688671.0	0.9573	0.0006	0.2789	275.0
5	49283134.0	49985903.0	0.8397	2.7727e-07	0.1634	82.0
5	49283134.0	49634519.0	0.8494	3.3083e-47	0.0589	13.0
5	49634519.0	49985903.0	0.714	5.6831e-07	0.1428	69.0
5	49985903.0	50688671.0	0	0	nan	193.0
5	50688671.0	56310818.0	0	0	nan	1964.0
5	56310818.0	67555113.0	0.6543	0.0736	0.3658	3753.0
5	56310818.0	61932966.0	1.4939	0.2171	1.2102	1928.0
5	56310818.0	59121892.0	0	0	nan	1057.0
5	59121892.0	61932966.0	1.1027	0.1634	0.7912	871.0
5	59121892.0	60527429.0	0	0	nan	394.0
5	60527429.0	61932966.0	1.4406	0.0964	0.8666	477.0
5	60527429.0	61230198.0	0	0	nan	250.0
5	61230198.0	61932966.0	0	0	nan	227.0
5	61932966.0	67555113.0	0.2394	0.2992	0.2306	1825.0
5	61932966.0	64744040.0	0.1905	0.5218	0.2974	819.0
5	61932966.0	63338503.0	0.5862	0.0032	0.1988	428.0
5	61932966.0	62635735.0	0.7003	4.6132e-11	0.1064	227.0
5	61932966.0	62284351.0	0.5512	0.0059	0.2002	109.0
5	62284351.0	62635735.0	0.8481	0.0376	0.4078	118.0
5	62635735.0	63338503.0	0.7287	0.2969	0.6986	201.0
5	62635735.0	62987119.0	1.1914	0.2172	0.9655	111.0
5	62987119.0	63338503.0	0	0	nan	90.0
5	63338503.0	64744040.0	0	0	nan	391.0
5	64744040.0	67555113.0	0	0	nan	1006.0
5	67555113.0	90043702.0	0	0	nan	5960.0
5	90043702.0	179998061	1.5617	0.1968	1.2098	27876.0
5	90043702.0	135020882.0	0	0	nan	13273.0
5	135020882.0	179998061	1.2907	0.0067	0.476	14603.0
5	135020882.0	157509472.0	1.6698	0.0087	0.636	7684.0
5	135020882.0	146265177.0	1.6067	0.0018	0.5145	3636.0
5	135020882.0	140643030.0	0	0	nan	1654.0
5	140643030.0	146265177.0	1.2793	0.0124	0.5114	1982.0
5	140643030.0	143454104.0	0.3893	0.4027	0.4651	1043.0
5	140643030.0	142048567.0	-0.5054	0.5681	0.8854	520.0
5	140643030.0	141345799.0	0	0	nan	291.0
5	141345799.0	142048567.0	0	0	nan	229.0
5	142048567.0	143454104.0	1.8786	0.2177	1.5242	523.0
5	142048567.0	142751336.0	3.1018	0.3672	3.4398	260.0
5	142048567.0	142399952.0	1.5444	0.0318	0.7195	129.0
5	142399952.0	142751336.0	0	0	nan	131.0
5	142751336.0	143454104.0	-0.5808	0.8169	2.5083	263.0
5	142751336.0	143102720.0	0	0	nan	130.0
5	143102720.0	143454104.0	0.4803	0.6038	0.9256	133.0
5	143454104.0	146265177.0	2.3969	0.0232	1.0561	939.0
5	143454104.0	144859641.0	0	0	nan	477.0
5	144859641.0	146265177.0	0	0	nan	462.0
5	146265177.0	157509472.0	0	0	nan	4048.0
5	157509472.0	179998061	0	0	nan	6919.0
6	94609	169999770	0.3756	0.1506	0.2613	50164.0
6	94609	85047189.0	0.5236	0.2647	0.4695	23966.0
6	94609	42570899.0	-0.334	0.422	0.4159	12254.0
6	94609	21332754.0	0.0876	0.7395	0.2635	7994.0
6	94609	10713682.0	0.6715	0.7568	2.1686	4139.0
6	94609	5404146.0	0.6133	0.0581	0.3236	2151.0
6	94609	2749378.0	-0.6847	0.5983	1.2995	1043.0
6	94609	1421994.0	0	0	nan	474.0
6	1421994.0	2749378.0	0	0	nan	569.0
6	2749378.0	5404146.0	1.6821	0.0033	0.5729	1108.0
6	2749378.0	4076762.0	1.201	0.0002	0.3249	496.0
6	2749378.0	3413070.0	0.6541	1.9018e-07	0.1256	233.0
6	2749378.0	3081224.0	0	0	nan	100.0
6	3081224.0	3413070.0	1.0274	0.0311	0.4765	133.0
6	3413070.0	4076762.0	0	0	nan	263.0
6	4076762.0	5404146.0	0	0	nan	612.0
6	5404146.0	10713682.0	0	0	nan	1988.0
6	10713682.0	21332754.0	-0.1308	0.6502	0.2884	3855.0
6	10713682.0	16023218.0	-0.1274	0.4625	0.1734	1994.0
6	10713682.0	13368450.0	0.3223	0.0209	0.1396	1016.0
6	10713682.0	12041066.0	1.1486	0.0041	0.4001	504.0
6	10713682.0	11377374.0	0	0	nan	201.0
6	11377374.0	12041066.0	1.5118	0.0112	0.5962	303.0
6	11377374.0	11709220.0	0.6465	0.1158	0.4112	136.0
6	11709220.0	12041066.0	2.6801	0.0026	0.8908	167.0
6	12041066.0	13368450.0	0.2186	0.3585	0.2381	512.0
6	12041066.0	12704758.0	-1.6787	0.6984	4.3326	289.0
6	12041066.0	12372912.0	0	0	nan	161.0
6	12372912.0	12704758.0	0	0	nan	128.0
6	12704758.0	13368450.0	-0.0488	0.8264	0.2225	223.0
6	12704758.0	13036604.0	0.0466	0.9207	0.4684	98.0
6	13036604.0	13368450.0	0	0	nan	125.0
6	13368450.0	16023218.0	0	0	nan	978.0
6	16023218.0	21332754.0	0	0	nan	1861.0
6	21332754.0	42570899.0	0	0	nan	4260.0
6	42570899.0	85047189.0	0.8218	0.4172	1.0129	11712.0
6	42570899.0	63809044.0	0	0	nan	5321.0
6	63809044.0	85047189.0	0	0	nan	6391.0
6	85047189.0	169999770	0.3268	0.3037	0.3178	26198.0
6	85047189.0	127523480.0	0.0432	0.9012	0.3481	12307.0
6	85047189.0	106285335.0	0	0	nan	5992.0
6	106285335.0	127523480.0	0.0781	0.8271	0.3574	6315.0
6	106285335.0	116904408.0	0.4514	0.3134	0.4477	3242.0
6	106285335.0	111594872.0	0	0	nan	1652.0
6	111594872.0	116904408.0	-0.1533	0.5606	0.2634	1590.0
6	111594872.0	114249640.0	0	0	nan	841.0
6	114249640.0	116904408.0	0.0015	0.9956	0.2702	749.0
6	116904408.0	127523480.0	0	0	nan	3073.0
6	127523480.0	169999770	0	0	nan	13891.0
7	140018	158812247	0.5944	0.0926	0.3534	44040.0
7	140018	79476132.0	0.7043	0.1519	0.4916	23026.0
7	140018	39808075.0	1.7716	0.0136	0.7181	13610.0
7	140018	19974047.0	1.7884	0.0204	0.7713	6072.0
7	140018	10057033.0	1.2229	0.0002	0.3256	2573.0
7	140018	5098526.0	1.3292	3.8868e-06	0.2879	1173.0
7	140018	2619272.0	1.1461	2.6518e-11	0.172	420.0
7	140018	1379645.0	0	0	nan	194.0
7	1379645.0	2619272.0	1.4045	1.5806e-12	0.1987	226.0
7	1379645.0	1999459.0	1.9988	0.033	0.9377	86.0
7	1379645.0	1689552.0	0	0	nan	19.0
7	1689552.0	1999459.0	3.0783	0.1357	2.0631	67.0
7	1999459.0	2619272.0	1.4569	2.8164e-15	0.1845	140.0
7	1999459.0	2309366.0	1.6305	1.7577e-17	0.1916	77.0
7	2309366.0	2619272.0	0	0	nan	63.0
7	2619272.0	5098526.0	1.9775	0.0352	0.9391	753.0
7	2619272.0	3858899.0	0.6497	0.0157	0.2689	403.0
7	2619272.0	3239086.0	1.1276	0.0002	0.3039	165.0
7	2619272.0	2929179.0	1.157	0.3432	1.2205	76.0
7	2929179.0	3239086.0	0.2423	0.9291	2.7228	89.0
7	3239086.0	3858899.0	0.9422	0.5167	1.4528	238.0
7	3239086.0	3548993.0	0	0	nan	134.0
7	3548993.0	3858899.0	0	0	nan	104.0
7	3858899.0	5098526.0	2.2173	0.1851	1.6733	350.0
7	3858899.0	4478713.0	4.282	0.4095	5.192	258.0
7	3858899.0	4168806.0	0	0	nan	139.0
7	4168806.0	4478713.0	0	0	nan	119.0
7	4478713.0	5098526.0	-0.2138	0.7753	0.7491	92.0
7	4478713.0	4788620.0	0	0	nan	48.0
7	4788620.0	5098526.0	2.5614	0.1535	1.7948	44.0
7	5098526.0	10057033.0	0	0	nan	1400.0
7	10057033.0	19974047.0	0	0	nan	3499.0
7	19974047.0	39808075.0	1.7785	0.1162	1.132	7538.0
7	19974047.0	29891061.0	2.0392	0.0651	1.1057	3917.0
7	19974047.0	24932554.0	2.9702	0.6438	6.4231	1978.0
7	19974047.0	22453301.0	0	0	nan	956.0
7	22453301.0	24932554.0	1.6656	0.0141	0.6784	1022.0
7	22453301.0	23692928.0	0	0	nan	403.0
7	23692928.0	24932554.0	1.9959	0.0106	0.7807	619.0
7	23692928.0	24312741.0	1.3994	0.0739	0.7831	323.0
7	23692928.0	24002835.0	0	0	nan	138.0
7	24002835.0	24312741.0	1.7695	0.0046	0.6251	185.0
7	24312741.0	24932554.0	4.4268	0.6073	8.6125	296.0
7	24312741.0	24622648.0	0	0	nan	160.0
7	24622648.0	24932554.0	0	0	nan	136.0
7	24932554.0	29891061.0	1.8061	0.5302	2.8771	1939.0
7	24932554.0	27411808.0	0	0	nan	912.0
7	27411808.0	29891061.0	1.6475	0.1044	1.0146	1027.0
7	27411808.0	28651435.0	0	0	nan	490.0
7	28651435.0	29891061.0	1.1634	0.0118	0.4618	537.0
7	28651435.0	29271248.0	0.0807	0.9512	1.3186	238.0
7	28651435.0	28961342.0	0.3419	0.3511	0.3666	83.0
7	28961342.0	29271248.0	0	0	nan	155.0
7	29271248.0	29891061.0	0	0	nan	299.0
7	29891061.0	39808075.0	0	0	nan	3621.0
7	39808075.0	79476132.0	0	0	nan	9416.0
7	79476132.0	158812247	0.5542	0.5287	0.8798	21014.0
7	79476132.0	119144190.0	0	0	nan	10502.0
7	119144190.0	158812247	0.6752	0.3454	0.7156	10512.0
7	119144190.0	138978219.0	-0.2696	0.8644	1.5784	5522.0
7	119144190.0	129061205.0	0	0	nan	2750.0
7	129061205.0	138978219.0	0.2562	0.4142	0.3138	2772.0
7	129061205.0	134019712.0	0	0	nan	1429.0
7	134019712.0	138978219.0	0.5727	0.1201	0.3685	1343.0
7	134019712.0	136498966.0	0.9836	0.3565	1.0667	807.0
7	134019712.0	135259339.0	0	0	nan	435.0
7	135259339.0	136498966.0	0.3552	0.5807	0.6431	372.0
7	135259339.0	135879153.0	0	0	nan	210.0
7	135879153.0	136498966.0	0	0	nan	162.0
7	136498966.0	138978219.0	0.9535	0.0309	0.4418	536.0
7	136498966.0	137738593.0	0.5502	0.0003	0.1535	269.0
7	136498966.0	137118780.0	2.2503	0.1065	1.3941	155.0
7	136498966.0	136808873.0	0	0	nan	101.0
7	136808873.0	137118780.0	0	0	nan	54.0
7	137118780.0	137738593.0	0	0	nan	114.0
7	137738593.0	138978219.0	0	0	nan	267.0
7	138978219.0	158812247	0	0	nan	4990.0
8	151222	146264218	0.6072	0.0007	0.1796	45346.0
8	151222	73207720.0	1.0327	0.0003	0.2863	23080.0
8	151222	36679471.0	0.7034	0.0014	0.2208	14231.0
8	151222	18415347.0	1.2531	0.0018	0.4009	8167.0
8	151222	9283285.0	0.6927	0.0011	0.213	4111.0
8	151222	4717254.0	0.8981	0.0128	0.3609	2265.0
8	151222	2434238.0	0	0	nan	798.0
8	2434238.0	4717254.0	0.7922	0.0325	0.3704	1467.0
8	2434238.0	3575746.0	0	0	nan	613.0
8	3575746.0	4717254.0	0.8655	0.0439	0.4295	854.0
8	3575746.0	4146500.0	0	0	nan	463.0
8	4146500.0	4717254.0	0.9595	0.0536	0.4971	391.0
8	4146500.0	4431877.0	0	0	nan	156.0
8	4431877.0	4717254.0	0.3602	0.1046	0.2219	235.0
8	4717254.0	9283285.0	0.4149	0.0128	0.1667	1846.0
8	4717254.0	7000270.0	0.3024	0.3299	0.3103	1279.0
8	4717254.0	5858762.0	-0.001	0.9952	0.1642	713.0
8	5858762.0	7000270.0	0	0	nan	566.0
8	7000270.0	9283285.0	0	0	nan	567.0
8	9283285.0	18415347.0	2.7166	0.2702	2.4639	4056.0
8	9283285.0	13849316.0	4.3563	0.3028	4.2272	1863.0
8	9283285.0	11566301.0	1.0736	0.0015	0.3387	1046.0
8	9283285.0	10424793.0	1.3678	0.0023	0.448	586.0
8	9283285.0	9854039.0	1.863	0.0236	0.8232	244.0
8	9283285.0	9568662.0	2.1969	0.1186	1.4077	135.0
8	9568662.0	9854039.0	0.841	0.5136	1.2873	109.0
8	9854039.0	10424793.0	1.0347	0.0287	0.4729	342.0
8	9854039.0	10139416.0	3.6316	0.9087	31.6547	144.0
8	10139416.0	10424793.0	0.9508	0.04	0.4629	198.0
8	10424793.0	11566301.0	0	0	nan	460.0
8	11566301.0	13849316.0	0	0	nan	817.0
8	13849316.0	18415347.0	0	0	nan	2193.0
8	18415347.0	36679471.0	0.3183	0.2083	0.253	6064.0
8	18415347.0	27547409.0	0.1336	0.5286	0.212	3623.0
8	18415347.0	22981378.0	0.1985	0.2939	0.1891	1794.0
8	18415347.0	20698363.0	0.3129	0.2382	0.2653	1087.0
8	18415347.0	19556855.0	0.4116	0.1614	0.2939	547.0
8	18415347.0	18986101.0	0	0	nan	312.0
8	18986101.0	19556855.0	0.6483	0.7969	2.5197	235.0
8	18986101.0	19271478.0	0	0	nan	100.0
8	19271478.0	19556855.0	0	0	nan	135.0
8	19556855.0	20698363.0	0.0368	0.9575	0.691	540.0
8	19556855.0	20127609.0	-0.2711	0.6387	0.5774	274.0
8	19556855.0	19842232.0	0	0	nan	165.0
8	19842232.0	20127609.0	-0.3307	0.4851	0.4736	109.0
8	20127609.0	20698363.0	0	0	nan	266.0
8	20698363.0	22981378.0	0.0929	0.6778	0.2236	707.0
8	20698363.0	21839871.0	0	0	nan	434.0
8	21839871.0	22981378.0	0	0	nan	273.0
8	22981378.0	27547409.0	-0.1329	0.7118	0.3598	1829.0
8	22981378.0	25264394.0	0	0	nan	766.0
8	25264394.0	27547409.0	-0.9639	0.0876	0.5643	1063.0
8	25264394.0	26405902.0	-0.1428	0.839	0.7029	451.0
8	25264394.0	25835148.0	0.5153	0.3595	0.5624	231.0
8	25264394.0	25549771.0	-0.6164	0.2114	0.4932	108.0
8	25549771.0	25835148.0	1.4548	0.199	1.1326	123.0
8	25835148.0	26405902.0	0	0	nan	220.0
8	26405902.0	27547409.0	-1.4084	0.0093	0.5413	612.0
8	26405902.0	26976656.0	0	0	nan	350.0
8	26976656.0	27547409.0	0	0	nan	262.0
8	27547409.0	36679471.0	1.4946	0.2129	1.2	2441.0
8	27547409.0	32113440.0	0	0	nan	1397.0
8	32113440.0	36679471.0	0	0	nan	1044.0
8	36679471.0	73207720.0	0	0	nan	8849.0
8	73207720.0	146264218	0.2143	0.372	0.2401	22266.0
8	73207720.0	109735969.0	-0.124	0.7011	0.3232	10585.0
8	73207720.0	91471845.0	0.5178	0.708	1.3824	5095.0
8	73207720.0	82339783.0	0	0	nan	2705.0
8	82339783.0	91471845.0	-0.3971	0.352	0.4266	2390.0
8	82339783.0	86905814.0	0	0	nan	1082.0
8	86905814.0	91471845.0	0	0	nan	1308.0
8	91471845.0	109735969.0	0	0	nan	5490.0
8	109735969.0	146264218	0.4752	0.1458	0.3267	11681.0
8	109735969.0	128000094.0	0.8376	0.027	0.3789	5327.0
8	109735969.0	118868032.0	0.821	0.0106	0.3211	2325.0
8	109735969.0	114302001.0	0	0	nan	1046.0
8	114302001.0	118868032.0	0.8708	0.0003	0.2423	1279.0
8	114302001.0	116585017.0	0.5133	0.0432	0.2539	649.0
8	114302001.0	115443509.0	0	0	nan	362.0
8	115443509.0	116585017.0	0.2237	0.3905	0.2605	287.0
8	115443509.0	116014263.0	1.1175	8.7087e-06	0.2513	161.0
8	115443509.0	115728886.0	0.5609	0.003	0.189	71.0
8	115728886.0	116014263.0	3.2548	0.0714	1.805	90.0
8	116014263.0	116585017.0	0	0	nan	126.0
8	116585017.0	118868032.0	0	0	nan	630.0
8	118868032.0	128000094.0	0.4562	0.4283	0.576	3002.0
8	118868032.0	123434063.0	2.4486	0.4292	3.0975	1517.0
8	118868032.0	121151048.0	0	0	nan	856.0
8	121151048.0	123434063.0	3.9894	0.4456	5.2301	661.0
8	121151048.0	122292556.0	2.1291	0.0164	0.8873	344.0
8	121151048.0	121721802.0	0	0	nan	177.0
8	121721802.0	122292556.0	0	0	nan	167.0
8	122292556.0	123434063.0	0	0	nan	317.0
8	123434063.0	128000094.0	0.2082	0.6633	0.4781	1485.0
8	123434063.0	125717079.0	0.9194	0.089	0.5407	768.0
8	123434063.0	124575571.0	0	0	nan	317.0
8	124575571.0	125717079.0	0.4688	0.1856	0.3542	451.0
8	124575571.0	125146325.0	0	0	nan	249.0
8	125146325.0	125717079.0	1.2012	0.8097	4.9869	202.0
8	125146325.0	125431702.0	0.2419	0.9448	3.4925	90.0
8	125431702.0	125717079.0	0	0	nan	112.0
8	125717079.0	128000094.0	-3.2676	0.7878	12.1409	717.0
8	125717079.0	126858587.0	0	0	nan	356.0
8	126858587.0	128000094.0	0	0	nan	361.0
8	128000094.0	146264218	-0.0914	0.8363	0.4421	6354.0
8	128000094.0	137132156.0	-0.9129	0.3827	1.0458	3681.0
8	128000094.0	132566125.0	0	0	nan	1650.0
8	132566125.0	137132156.0	0	0	nan	2031.0
8	137132156.0	146264218	0.4811	0.3671	0.5334	2673.0
8	137132156.0	141698187.0	0	0	nan	1822.0
8	141698187.0	146264218	0.6066	0.0088	0.2317	851.0
8	141698187.0	143981203.0	1.5417	0.2662	1.3866	584.0
8	141698187.0	142839695.0	0	0	nan	285.0
8	142839695.0	143981203.0	0	0	nan	299.0
8	143981203.0	146264218	0	0	nan	267.0
9	30910	139999801	0.6116	0.0295	0.2809	36799.0
9	30910	70015355.0	0.6365	0.2448	0.5472	14104.0
9	30910	35023133.0	0.6925	0.3282	0.7082	12993.0
9	30910	17527022.0	0	0	nan	7290.0
9	17527022.0	35023133.0	0.9854	0.453	1.3132	5703.0
9	17527022.0	26275078.0	0	0	nan	2777.0
9	26275078.0	35023133.0	0	0	nan	2926.0
9	35023133.0	70015355.0	0.3758	0.2381	0.3185	1111.0
9	35023133.0	52519244.0	0.3758	0.2381	0.3185	1111.0
9	35023133.0	43771189.0	0.4084	0.2581	0.3611	1107.0
9	35023133.0	39397161.0	0.4084	0.2581	0.3611	1107.0
9	35023133.0	37210147.0	1.1148	0.3022	1.0806	627.0
9	35023133.0	36116640.0	0	0	nan	316.0
9	36116640.0	37210147.0	0	0	nan	311.0
9	37210147.0	39397161.0	0.2206	0.3631	0.2425	480.0
9	37210147.0	38303654.0	0.6269	0.6316	1.3075	319.0
9	37210147.0	37756901.0	0	0	nan	151.0
9	37756901.0	38303654.0	0	0	nan	168.0
9	38303654.0	39397161.0	0.3079	0.7337	0.905	161.0
9	38303654.0	38850408.0	0.3079	0.7337	0.905	161.0
9	38303654.0	38577031.0	0	0	nan	72.0
9	38577031.0	38850408.0	0.081	0.8187	0.3536	89.0
9	38850408.0	39397161.0	0	0	1	nan
9	39397161.0	43771189.0	0	0	1	nan
9	43771189.0	52519244.0	-1.033	1.7262e-160	0.0383	4.0
9	43771189.0	48145217.0	-1.033	1.7262e-160	0.0383	4.0
9	43771189.0	45958203.0	-1.033	1.7262e-160	0.0383	4.0
9	43771189.0	44864696.0	-1.033	1.7262e-160	0.0383	4.0
9	43771189.0	44317943.0	0	0	1	nan
9	44317943.0	44864696.0	-1.033	1.7262e-160	0.0383	4.0
9	44317943.0	44591320.0	0	0	1	nan
9	44591320.0	44864696.0	-1.033	1.7262e-160	0.0383	4.0
9	44864696.0	45958203.0	0	0	1	nan
9	45958203.0	48145217.0	0	0	1	nan
9	48145217.0	52519244.0	0	0	1	nan
9	52519244.0	70015355.0	0	0	1	nan
9	70015355.0	139999801	0.7058	0.102	0.4316	22695.0
9	70015355.0	105007578.0	0	0	nan	11828.0
9	105007578.0	139999801	0.2672	0.3263	0.2722	10867.0
9	105007578.0	122503690.0	0.3326	0.295	0.3176	7000.0
9	105007578.0	113755634.0	0.4726	0.477	0.6646	3616.0
9	105007578.0	109381606.0	0.8897	0.2224	0.7291	1539.0
9	105007578.0	107194592.0	0.1762	0.3399	0.1846	847.0
9	105007578.0	106101085.0	1.3348	0.0026	0.4432	393.0
9	105007578.0	105554332.0	0.6246	0.0012	0.1925	178.0
9	105007578.0	105280955.0	0	0	nan	80.0
9	105280955.0	105554332.0	1.3979	0.008	0.5272	98.0
9	105554332.0	106101085.0	0	0	nan	215.0
9	106101085.0	107194592.0	-1.0393	0.0164	0.4331	454.0
9	106101085.0	106647839.0	-0.873	0.4756	1.2238	238.0
9	106101085.0	106374462.0	-0.8764	0.0006	0.2564	116.0
9	106374462.0	106647839.0	0	0	nan	122.0
9	106647839.0	107194592.0	0	0	nan	216.0
9	107194592.0	109381606.0	0	0	nan	692.0
9	109381606.0	113755634.0	0	0	nan	2077.0
9	113755634.0	122503690.0	0.472	0.1743	0.3475	3384.0
9	113755634.0	118129662.0	0.6631	0.425	0.8311	1562.0
9	113755634.0	115942648.0	0	0	nan	681.0
9	115942648.0	118129662.0	0	0	nan	881.0
9	118129662.0	122503690.0	0.4797	0.4103	0.5825	1822.0
9	118129662.0	120316676.0	0	0	nan	1076.0
9	120316676.0	122503690.0	0	0	nan	746.0
9	122503690.0	139999801	0.4851	0.3678	0.5386	3867.0
9	122503690.0	131251746.0	0.2516	0.5135	0.3851	2135.0
9	122503690.0	126877718.0	-0.0746	0.8516	0.3986	1178.0
9	122503690.0	124690704.0	0	0	nan	632.0
9	124690704.0	126877718.0	-0.0212	0.9184	0.207	546.0
9	124690704.0	125784211.0	-0.3536	0.2494	0.307	287.0
9	124690704.0	125237458.0	0	0	nan	119.0
9	125237458.0	125784211.0	0	0	nan	168.0
9	125784211.0	126877718.0	0	0	nan	259.0
9	126877718.0	131251746.0	0	0	nan	957.0
9	131251746.0	139999801	0	0	nan	1732.0
10	88481	135284978	0.6519	0.003	0.2196	44923.0
10	88481	67686729.0	0.7055	0.0848	0.4094	21882.0
10	88481	33887605.0	0.5982	0.5689	1.0501	12889.0
10	88481	16988043.0	0	0	nan	6996.0
10	16988043.0	33887605.0	1.9771	0.1424	1.3477	5893.0
10	16988043.0	25437824.0	0	0	nan	2724.0
10	25437824.0	33887605.0	0	0	nan	3169.0
10	33887605.0	67686729.0	0.9186	0.0742	0.5145	8993.0
10	33887605.0	50787167.0	1.0709	0.0357	0.5098	3364.0
10	33887605.0	42337386.0	0.6412	0.0169	0.2684	1427.0
10	33887605.0	38112496.0	0.5881	0.086	0.3425	1217.0
10	33887605.0	36000051.0	-0.1578	0.4982	0.233	575.0
10	33887605.0	34943828.0	0	0	nan	308.0
10	34943828.0	36000051.0	0	0	nan	267.0
10	36000051.0	38112496.0	2.4925	0.1976	1.9346	642.0
10	36000051.0	37056274.0	0	0	nan	365.0
10	37056274.0	38112496.0	0.6759	0.0726	0.3765	277.0
10	37056274.0	37584385.0	0	0	nan	133.0
10	37584385.0	38112496.0	0.3642	0.0001	0.095	144.0
10	37584385.0	37848441.0	0	0	nan	61.0
10	37848441.0	38112496.0	0.5182	1.1217e-08	0.0907	83.0
10	38112496.0	42337386.0	0.4038	0.0082	0.1528	210.0
10	38112496.0	40224941.0	0	0	nan	143.0
10	40224941.0	42337386.0	0	0	nan	67.0
10	42337386.0	50787167.0	0	0	nan	1937.0
10	50787167.0	67686729.0	0.8424	0.5545	1.4253	5629.0
10	50787167.0	59236948.0	0	0	nan	2679.0
10	59236948.0	67686729.0	-0.3541	0.5921	0.6609	2950.0
10	59236948.0	63461839.0	2.591	0.4755	3.631	1464.0
10	59236948.0	61349394.0	0	0	nan	713.0
10	61349394.0	63461839.0	0	0	nan	751.0
10	63461839.0	67686729.0	-2.4656	0.0485	1.2494	1486.0
10	63461839.0	65574284.0	0	0	nan	762.0
10	65574284.0	67686729.0	-0.7184	0.0174	0.302	724.0
10	65574284.0	66630507.0	0.462	0.0917	0.274	262.0
10	65574284.0	66102396.0	0.4339	0.0296	0.1994	51.0
10	65574284.0	65838340.0	1.0573	0.8725	6.5877	20.0
10	65838340.0	66102396.0	0.3826	0.056	0.2002	31.0
10	66102396.0	66630507.0	0.5409	0.0602	0.2878	211.0
10	66102396.0	66366452.0	0.796	0.0815	0.4569	108.0
10	66366452.0	66630507.0	-0.5579	0.2868	0.5238	103.0
10	66630507.0	67686729.0	-1.7234	0.018	0.7283	462.0
10	66630507.0	67158618.0	0	0	nan	201.0
10	67158618.0	67686729.0	-1.3469	0.0907	0.7961	261.0
10	67158618.0	67422674.0	-1.5283	0.2804	1.4159	115.0
10	67422674.0	67686729.0	-1.4514	0.8682	8.7491	146.0
10	67686729.0	135284978	0.6417	0.0095	0.2473	23041.0
10	67686729.0	101485854.0	0.441	0.148	0.3048	11503.0
10	67686729.0	84586292.0	0.8261	0.1644	0.5941	5575.0
10	67686729.0	76136511.0	0.922	0.0235	0.4069	2731.0
10	67686729.0	71911620.0	0.1819	0.7471	0.5641	1551.0
10	67686729.0	69799175.0	-1.0444	0.3669	1.1574	795.0
10	67686729.0	68742952.0	1.4151	0.123	0.9174	481.0
10	67686729.0	68214841.0	0	0	nan	257.0
10	68214841.0	68742952.0	0.8518	0.0754	0.479	224.0
10	68214841.0	68478897.0	0	0	nan	111.0
10	68478897.0	68742952.0	-0.5177	0.4303	0.6564	113.0
10	68742952.0	69799175.0	0	0	nan	314.0
10	69799175.0	71911620.0	0.4643	0.222	0.3802	756.0
10	69799175.0	70855398.0	0.8011	0.1263	0.5241	281.0
10	69799175.0	70327287.0	0	0	nan	117.0
10	70327287.0	70855398.0	1.5014	0.0446	0.7475	164.0
10	70327287.0	70591343.0	0.5137	0.469	0.7095	86.0
10	70591343.0	70855398.0	1.3579	0.1108	0.8515	78.0
10	70855398.0	71911620.0	0	0	nan	475.0
10	71911620.0	76136511.0	1.8157	0.0248	0.8088	1180.0
10	71911620.0	74024066.0	2.2385	0.4807	3.1743	787.0
10	71911620.0	72967843.0	0	0	nan	442.0
10	72967843.0	74024066.0	2.9576	0.0487	1.5003	345.0
10	72967843.0	73495955.0	0	0	nan	220.0
10	73495955.0	74024066.0	1.996	0.0035	0.6844	125.0
10	73495955.0	73760011.0	1.0305	5.1585e-15	0.1317	48.0
10	73760011.0	74024066.0	1.4278	8.179e-08	0.2662	77.0
10	74024066.0	76136511.0	0.3847	0.0912	0.2277	393.0
10	74024066.0	75080289.0	0	0	nan	188.0
10	75080289.0	76136511.0	0	0	nan	205.0
10	76136511.0	84586292.0	0	0	nan	2844.0
10	84586292.0	101485854.0	0.408	0.3107	0.4024	5928.0
10	84586292.0	93036073.0	3.22	0.6778	7.751	3049.0
10	84586292.0	88811183.0	0	0	nan	1639.0
10	88811183.0	93036073.0	0.4719	0.6844	1.1609	1410.0
10	88811183.0	90923628.0	0	0	nan	611.0
10	90923628.0	93036073.0	2.8765	0.8324	13.5937	799.0
10	90923628.0	91979851.0	1.3714	0.2083	1.09	397.0
10	90923628.0	91451740.0	-0.8054	0.0246	0.3584	189.0
10	90923628.0	91187684.0	-0.8346	0.0878	0.4889	92.0
10	91187684.0	91451740.0	0	0	nan	97.0
10	91451740.0	91979851.0	0	0	nan	208.0
10	91979851.0	93036073.0	0	0	nan	402.0
10	93036073.0	101485854.0	-0.1765	0.5932	0.3304	2879.0
10	93036073.0	97260964.0	-0.5779	0.2091	0.4601	1382.0
10	93036073.0	95148519.0	0	0	nan	596.0
10	95148519.0	97260964.0	0.0819	0.8736	0.5147	786.0
10	95148519.0	96204742.0	0	0	nan	373.0
10	96204742.0	97260964.0	-0.0818	0.7319	0.2389	413.0
10	96204742.0	96732853.0	0	0	nan	153.0
10	96732853.0	97260964.0	-0.1595	0.8276	0.7324	260.0
10	96732853.0	96996909.0	0	0	nan	116.0
10	96996909.0	97260964.0	0	0	nan	144.0
10	97260964.0	101485854.0	0.081	0.8269	0.3704	1497.0
10	97260964.0	99373409.0	-0.1251	0.6324	0.2615	771.0
10	97260964.0	98317187.0	-0.3967	0.0987	0.2403	455.0
10	97260964.0	97789076.0	-0.2524	0.2004	0.1971	216.0
10	97260964.0	97525020.0	-0.0125	0.9766	0.4248	142.0
10	97525020.0	97789076.0	-0.7972	0.2543	0.6993	74.0
10	97789076.0	98317187.0	-0.2984	0.2372	0.2524	239.0
10	97789076.0	98053132.0	-0.7679	0.0026	0.2547	99.0
10	98053132.0	98317187.0	0	0	nan	140.0
10	98317187.0	99373409.0	0.7591	0.0183	0.3218	316.0
10	98317187.0	98845298.0	0	0	nan	130.0
10	98845298.0	99373409.0	0	0	nan	186.0
10	99373409.0	101485854.0	0	0	nan	726.0
10	101485854.0	135284978	0.8483	0.0075	0.3171	11538.0
10	101485854.0	118385416.0	0.4858	0.0075	0.1815	5463.0
10	101485854.0	109935635.0	0.3276	0.0104	0.1279	2754.0
10	101485854.0	105710745.0	0.5264	3.8827e-06	0.114	1191.0
10	101485854.0	103598300.0	-0.2221	0.2261	0.1835	578.0
10	101485854.0	102542077.0	-0.6488	0.001	0.1968	301.0
10	101485854.0	102013966.0	-0.4798	0.0709	0.2657	174.0
10	101485854.0	101749910.0	-0.8014	5.6874e-15	0.1026	95.0
10	101749910.0	102013966.0	-0.1361	0.6888	0.34	79.0
10	102013966.0	102542077.0	0	0	nan	127.0
10	102542077.0	103598300.0	1.2701	0.0133	0.5129	277.0
10	102542077.0	103070189.0	0	0	nan	167.0
10	103070189.0	103598300.0	0	0	nan	110.0
10	103598300.0	105710745.0	1.8598	0.0077	0.6983	613.0
10	103598300.0	104654523.0	0	0	nan	310.0
10	104654523.0	105710745.0	0	0	nan	303.0
10	105710745.0	109935635.0	0.0162	0.9506	0.2611	1563.0
10	105710745.0	107823190.0	0.8356	0.5182	1.2932	798.0
10	105710745.0	106766968.0	0	0	nan	409.0
10	106766968.0	107823190.0	-0.0281	0.8659	0.1664	389.0
10	106766968.0	107295079.0	0	0	nan	215.0
10	107295079.0	107823190.0	-0.3638	0.1798	0.2712	174.0
10	107295079.0	107559135.0	-0.4589	1.6653e-05	0.1066	94.0
10	107559135.0	107823190.0	0	0	nan	80.0
10	107823190.0	109935635.0	0	0	nan	765.0
10	109935635.0	118385416.0	1.4636	0.0235	0.6461	2709.0
10	109935635.0	114160526.0	3.0799	0.658	6.9567	1365.0
10	109935635.0	112048081.0	0	0	nan	580.0
10	112048081.0	114160526.0	0	0	nan	785.0
10	114160526.0	118385416.0	2.3631	0.0786	1.3437	1344.0
10	114160526.0	116272971.0	3.1843	0.1872	2.4145	717.0
10	114160526.0	115216749.0	2.3094	0.631	4.8081	286.0
10	114160526.0	114688638.0	0	0	nan	113.0
10	114688638.0	115216749.0	2.1495	0.1543	1.509	173.0
10	114688638.0	114952694.0	0	0	nan	50.0
10	114952694.0	115216749.0	2.0087	0.0849	1.166	123.0
10	115216749.0	116272971.0	3.6386	0.1722	2.6654	431.0
10	115216749.0	115744860.0	1.107	0.4197	1.3718	271.0
10	115216749.0	115480805.0	1.9341	0.4612	2.6245	184.0
10	115480805.0	115744860.0	0	0	nan	87.0
10	115744860.0	116272971.0	0	0	nan	160.0
10	116272971.0	118385416.0	0.518	0.3993	0.6145	627.0
10	116272971.0	117329194.0	4.1051	0.3834	4.7096	272.0
10	116272971.0	116801083.0	0	0	nan	188.0
10	116801083.0	117329194.0	2.1747	0.0008	0.6472	84.0
10	116801083.0	117065139.0	0	0	nan	33.0
10	117065139.0	117329194.0	1.7271	0.0003	0.4766	51.0
10	117329194.0	118385416.0	-0.1526	0.8569	0.8463	355.0
10	117329194.0	117857305.0	0.8864	0.0428	0.4376	165.0
10	117329194.0	117593250.0	0	0	nan	83.0
10	117593250.0	117857305.0	0	0	nan	82.0
10	117857305.0	118385416.0	0	0	nan	190.0
10	118385416.0	135284978	0	0	nan	6075.0
11	188510	134445626	0.6053	0.0002	0.1619	42219.0
11	188510	67317068.0	0.2836	0.1103	0.1776	19623.0
11	188510	33752789.0	0.0885	0.7552	0.2839	11360.0
11	188510	16970650.0	0	0	nan	5922.0
11	16970650.0	33752789.0	-0.1069	0.7083	0.2857	5438.0
11	16970650.0	25361720.0	0.311	0.249	0.2698	2930.0
11	16970650.0	21166185.0	1.1249	0.0171	0.4716	1638.0
11	16970650.0	19068418.0	1.5654	0.0019	0.5038	695.0
11	16970650.0	18019534.0	0.9534	5.4508e-07	0.1903	391.0
11	16970650.0	17495092.0	0	0	nan	200.0
11	17495092.0	18019534.0	2.7001	0.0572	1.4197	191.0
11	17495092.0	17757313.0	0	0	nan	95.0
11	17757313.0	18019534.0	1.3615	0.0261	0.612	96.0
11	18019534.0	19068418.0	0	0	nan	304.0
11	19068418.0	21166185.0	0	0	nan	943.0
11	21166185.0	25361720.0	-0.3588	0.1828	0.2694	1292.0
11	21166185.0	23263953.0	-0.2265	0.5126	0.346	669.0
11	21166185.0	22215069.0	0	0	nan	319.0
11	22215069.0	23263953.0	0	0	nan	350.0
11	23263953.0	25361720.0	-0.5719	0.229	0.4754	623.0
11	23263953.0	24312837.0	0	0	nan	289.0
11	24312837.0	25361720.0	0	0	nan	334.0
11	25361720.0	33752789.0	-0.7824	0.0669	0.427	2508.0
11	25361720.0	29557255.0	0.4701	0.2296	0.3913	1279.0
11	25361720.0	27459488.0	0	0	nan	737.0
11	27459488.0	29557255.0	0.4138	0.28	0.383	542.0
11	27459488.0	28508372.0	-0.184	0.6708	0.4329	256.0
11	27459488.0	27983930.0	0	0	nan	137.0
11	27983930.0	28508372.0	0.3078	0.8559	1.6952	119.0
11	27983930.0	28246151.0	0	0	nan	67.0
11	28246151.0	28508372.0	0.6224	0.9126	5.6681	52.0
11	28508372.0	29557255.0	0	0	nan	286.0
11	29557255.0	33752789.0	0	0	nan	1229.0
11	33752789.0	67317068.0	0.4175	0.0222	0.1826	8263.0
11	33752789.0	50534929.0	0.1794	0.3903	0.2089	4967.0
11	33752789.0	42143859.0	0.2201	0.5193	0.3416	2661.0
11	33752789.0	37948324.0	-0.1321	0.7643	0.4404	1609.0
11	33752789.0	35850557.0	0	0	nan	886.0
11	35850557.0	37948324.0	-0.2833	0.1492	0.1965	723.0
11	35850557.0	36899441.0	-0.0733	0.7991	0.288	427.0
11	35850557.0	36374999.0	0	0	nan	218.0
11	36374999.0	36899441.0	-1.2784	0.2061	1.0111	209.0
11	36374999.0	36637220.0	-0.7712	0.1668	0.5579	91.0
11	36637220.0	36899441.0	0	0	nan	118.0
11	36899441.0	37948324.0	-0.4506	0.0798	0.2572	296.0
11	36899441.0	37423883.0	-0.8811	9.6352e-05	0.2259	155.0
11	36899441.0	37161662.0	-0.6004	0.0002	0.1587	106.0
11	37161662.0	37423883.0	-0.8672	0.1028	0.5316	49.0
11	37423883.0	37948324.0	0.4188	0.1877	0.3179	141.0
11	37423883.0	37686104.0	1.0882	0.0021	0.3538	76.0
11	37686104.0	37948324.0	0	0	nan	65.0
11	37948324.0	42143859.0	1.0116	0.4775	1.4242	1052.0
11	37948324.0	40046092.0	0	0	nan	371.0
11	40046092.0	42143859.0	0	0	nan	681.0
11	42143859.0	50534929.0	0.1802	0.344	0.1904	2306.0
11	42143859.0	46339394.0	0	0	nan	1496.0
11	46339394.0	50534929.0	0	0	nan	810.0
11	50534929.0	67317068.0	0.4878	0.0057	0.1764	3296.0
11	50534929.0	58925999.0	0	0	nan	1426.0
11	58925999.0	67317068.0	0.6546	0.0586	0.3461	1870.0
11	58925999.0	63121534.0	1.3575	0.6917	3.4238	1022.0
11	58925999.0	61023767.0	0	0	nan	586.0
11	61023767.0	63121534.0	0	0	nan	436.0
11	63121534.0	67317068.0	0.3127	0.4748	0.4375	848.0
11	63121534.0	65219301.0	0	0	nan	415.0
11	65219301.0	67317068.0	0.4177	0.1906	0.3191	433.0
11	65219301.0	66268185.0	0.3851	0.0082	0.1457	288.0
11	65219301.0	65743743.0	0.8442	0.1518	0.5891	169.0
11	65219301.0	65481522.0	0	0	nan	93.0
11	65481522.0	65743743.0	0.9746	0.1268	0.6383	76.0
11	65743743.0	66268185.0	-0.1305	0.3712	0.1459	119.0
11	65743743.0	66005964.0	-0.1671	0.5305	0.2664	58.0
11	66005964.0	66268185.0	-0.1453	0.2374	0.123	61.0
11	66268185.0	67317068.0	0	0	nan	145.0
11	67317068.0	134445626	1.0446	0.0002	0.2804	22596.0
11	67317068.0	100881347.0	1.4222	0.1641	1.0222	10691.0
11	67317068.0	84099208.0	1.0324	0.011	0.4062	4950.0
11	67317068.0	75708138.0	0.8866	0.0172	0.3722	2031.0
11	67317068.0	71512603.0	0.2629	0.291	0.2489	995.0
11	67317068.0	69414836.0	0.2498	0.5931	0.4674	493.0
11	67317068.0	68365952.0	0	0	nan	198.0
11	68365952.0	69414836.0	0.2337	0.7889	0.8731	295.0
11	68365952.0	68890394.0	-0.2108	0.0816	0.121	166.0
11	68365952.0	68628173.0	-0.2935	0.0414	0.1439	85.0
11	68628173.0	68890394.0	0	0	nan	81.0
11	68890394.0	69414836.0	0	0	nan	129.0
11	69414836.0	71512603.0	0.3275	0.1315	0.2172	502.0
11	69414836.0	70463720.0	0	0	nan	229.0
11	70463720.0	71512603.0	0.0985	0.4398	0.1275	273.0
11	70463720.0	70988162.0	0.217	0.1858	0.164	218.0
11	70463720.0	70725941.0	0.1156	0.7415	0.3504	67.0
11	70725941.0	70988162.0	0	0	nan	151.0
11	70988162.0	71512603.0	1.2236	2.338e-11	0.1831	55.0
11	70988162.0	71250383.0	0	0	1	nan
11	71250383.0	71512603.0	1.2236	2.338e-11	0.1831	55.0
11	71512603.0	75708138.0	0	0	nan	1036.0
11	75708138.0	84099208.0	1.184	0.0698	0.6529	2919.0
11	75708138.0	79903673.0	0	0	nan	1396.0
11	79903673.0	84099208.0	0.8136	0.0409	0.398	1523.0
11	79903673.0	82001441.0	-1.4293	0.1503	0.9937	823.0
11	79903673.0	80952557.0	0	0	nan	365.0
11	80952557.0	82001441.0	-1.6653	0.2117	1.3334	458.0
11	80952557.0	81476999.0	-1.145	0.0526	0.5908	273.0
11	80952557.0	81214778.0	0	0	nan	163.0
11	81214778.0	81476999.0	0	0	nan	110.0
11	81476999.0	82001441.0	0	0	nan	185.0
11	82001441.0	84099208.0	1.7774	0.0022	0.5805	700.0
11	82001441.0	83050325.0	1.2126	0.0005	0.346	341.0
11	82001441.0	82525883.0	0	0	nan	184.0
11	82525883.0	83050325.0	0	0	nan	157.0
11	83050325.0	84099208.0	0	0	nan	359.0
11	84099208.0	100881347.0	0	0	nan	5741.0
11	100881347.0	134445626	0.89	0.0011	0.2727	11905.0
11	100881347.0	117663487.0	2.0591	0.1802	1.5365	5816.0
11	100881347.0	109272417.0	0	0	nan	2647.0
11	109272417.0	117663487.0	0	0	nan	3169.0
11	117663487.0	134445626	0.5551	0.0167	0.232	6089.0
11	117663487.0	126054557.0	-0.3504	0.1363	0.2352	2957.0
11	117663487.0	121859022.0	-0.8665	0.0067	0.3193	1323.0
11	117663487.0	119761255.0	-0.2766	0.0562	0.1448	621.0
11	117663487.0	118712371.0	-1.4654	0.505	2.1985	284.0
11	117663487.0	118187929.0	0	0	nan	140.0
11	118187929.0	118712371.0	0	0	nan	144.0
11	118712371.0	119761255.0	-0.0296	0.8543	0.161	337.0
11	118712371.0	119236813.0	-0.2454	0.2467	0.2118	139.0
11	118712371.0	118974592.0	0	0	nan	61.0
11	118974592.0	119236813.0	-0.3064	0.401	0.3648	78.0
11	119236813.0	119761255.0	0.5329	0.2198	0.4343	198.0
11	119236813.0	119499034.0	1.0039	0.0031	0.3399	122.0
11	119499034.0	119761255.0	0	0	nan	76.0
11	119761255.0	121859022.0	0	0	nan	702.0
11	121859022.0	126054557.0	-0.0545	0.8166	0.2349	1634.0
11	121859022.0	123956790.0	-0.1769	0.6442	0.3829	888.0
11	121859022.0	122907906.0	0	0	nan	368.0
11	122907906.0	123956790.0	0	0	nan	520.0
11	123956790.0	126054557.0	-0.2978	0.4493	0.3936	746.0
11	123956790.0	125005674.0	0	0	nan	323.0
11	125005674.0	126054557.0	0.014	0.9177	0.1357	423.0
11	125005674.0	125530116.0	1.3976	0.1651	1.0068	215.0
11	125005674.0	125267895.0	0	0	nan	94.0
11	125267895.0	125530116.0	0	0	nan	121.0
11	125530116.0	126054557.0	0	0	nan	208.0
11	126054557.0	134445626	1.299	0.001	0.3947	3132.0
11	126054557.0	130250092.0	0.8553	0.0383	0.4128	1468.0
11	126054557.0	128152325.0	1.0735	0.0308	0.497	838.0
11	126054557.0	127103441.0	1.8897	0.3334	1.9536	465.0
11	126054557.0	126578999.0	0	0	nan	287.0
11	126578999.0	127103441.0	0	0	nan	178.0
11	127103441.0	128152325.0	0	0	nan	373.0
11	128152325.0	130250092.0	0	0	nan	630.0
11	130250092.0	134445626	1.4062	0.0017	0.4476	1664.0
11	130250092.0	132347859.0	2.3811	0.0461	1.1937	945.0
11	130250092.0	131298976.0	2.4852	0.1929	1.9088	462.0
11	130250092.0	130774534.0	0	0	nan	234.0
11	130774534.0	131298976.0	0	0	nan	228.0
11	131298976.0	132347859.0	2.7142	0.0443	1.3496	483.0
11	131298976.0	131823418.0	0	0	nan	272.0
11	131823418.0	132347859.0	2.4033	0.5627	4.1521	211.0
11	131823418.0	132085639.0	2.0783	0.1822	1.5578	118.0
11	132085639.0	132347859.0	0	0	nan	93.0
11	132347859.0	134445626	0.6829	0.0276	0.3101	719.0
11	132347859.0	133396743.0	-0.1898	0.5929	0.355	368.0
11	132347859.0	132872301.0	0.0735	0.8969	0.5668	184.0
11	132347859.0	132610080.0	0	0	nan	100.0
11	132610080.0	132872301.0	-0.9606	0.238	0.814	84.0
11	132872301.0	133396743.0	0	0	nan	184.0
11	133396743.0	134445626	0.664	0.0028	0.222	351.0
11	133396743.0	133921185.0	0.7628	0.0007	0.2252	128.0
11	133396743.0	133658964.0	1.3337	0.1474	0.9206	75.0
11	133658964.0	133921185.0	0	0	nan	53.0
11	133921185.0	134445626	0.5967	0.004	0.2074	223.0
11	133921185.0	134183406.0	0.3074	0.3231	0.311	115.0
11	134183406.0	134445626	0	0	nan	108.0
12	50733	132288757	0.9419	0.0078	0.3542	40894.0
12	50733	66169745.0	0.8689	0.1632	0.6231	20175.0
12	50733	33110239.0	0	0	nan	10897.0
12	33110239.0	66169745.0	0	0	nan	9278.0
12	66169745.0	132288757	0.9887	0.0069	0.366	20719.0
12	66169745.0	99229251.0	0	0	nan	10040.0
12	99229251.0	132288757	0.6818	0.0417	0.3348	10679.0
12	99229251.0	115759004.0	0	0	nan	5694.0
12	115759004.0	132288757	0.5931	0.1395	0.4013	4985.0
12	115759004.0	124023881.0	0.5636	0.1239	0.3663	2404.0
12	115759004.0	119891443.0	0.561	0.1262	0.3669	1390.0
12	115759004.0	117825224.0	0	0	nan	741.0
12	117825224.0	119891443.0	0	0	nan	649.0
12	119891443.0	124023881.0	0.3975	0.4083	0.4807	1014.0
12	119891443.0	121957662.0	1.0104	0.0107	0.3957	518.0
12	119891443.0	120924553.0	0	0	nan	282.0
12	120924553.0	121957662.0	1.1336	0.17	0.8261	236.0
12	120924553.0	121441108.0	1.9936	0.4986	2.9463	107.0
12	120924553.0	121182831.0	0	0	nan	36.0
12	121182831.0	121441108.0	0	0	nan	71.0
12	121441108.0	121957662.0	0.7234	0.0356	0.3442	129.0
12	121441108.0	121699385.0	1.2244	0.0002	0.3291	64.0
12	121699385.0	121957662.0	0	0	nan	65.0
12	121957662.0	124023881.0	0	0	nan	496.0
12	124023881.0	132288757	0	0	nan	2581.0
13	18045562	114109501	1.1719	0.085	0.6804	31271.0
13	18045562	66077531.0	0	0	nan	15483.0
13	66077531.0	114109501	0.7131	0.0438	0.3538	15788.0
13	66077531.0	90093516.0	2.1709	0.2124	1.741	7601.0
13	66077531.0	78085524.0	0	0	nan	4222.0
13	78085524.0	90093516.0	3.5183	0.5228	5.5059	3379.0
13	78085524.0	84089520.0	7.278	0.5294	11.5732	1729.0
13	78085524.0	81087522.0	0	0	nan	956.0
13	81087522.0	84089520.0	3.4698	0.2417	2.9639	773.0
13	81087522.0	82588521.0	1.3505	0.001	0.4118	396.0
13	81087522.0	81838022.0	0	0	nan	171.0
13	81838022.0	82588521.0	1.3363	0.0065	0.4908	225.0
13	81838022.0	82213272.0	1.9462	0.0947	1.1648	105.0
13	82213272.0	82588521.0	0.8102	1.9405e-05	0.1897	120.0
13	82588521.0	84089520.0	0	0	nan	377.0
13	84089520.0	90093516.0	0	0	nan	1650.0
13	90093516.0	114109501	0.359	0.2039	0.2826	8187.0
13	90093516.0	102101509.0	0.0735	0.7745	0.2566	4410.0
13	90093516.0	96097513.0	0.1273	0.7534	0.4051	2159.0
13	90093516.0	93095515.0	-0.486	0.4416	0.6316	1012.0
13	90093516.0	91594516.0	0	0	nan	429.0
13	91594516.0	93095515.0	-0.1027	0.8906	0.7466	583.0
13	91594516.0	92345016.0	0	0	nan	264.0
13	92345016.0	93095515.0	0	0	nan	319.0
13	93095515.0	96097513.0	0.3224	0.4144	0.395	1147.0
13	93095515.0	94596514.0	2.0663	0.3154	2.0583	618.0
13	93095515.0	93846015.0	-0.8312	0.0028	0.2784	284.0
13	93095515.0	93470765.0	0	0	nan	132.0
13	93470765.0	93846015.0	0	0	nan	152.0
13	93846015.0	94596514.0	0	0	nan	334.0
13	94596514.0	96097513.0	-0.662	0.0129	0.2661	529.0
13	94596514.0	95347014.0	-1.7134	0.0128	0.6883	316.0
13	94596514.0	94971764.0	-2.2897	0.3763	2.588	231.0
13	94971764.0	95347014.0	-4.7043	0.7906	17.7183	85.0
13	95347014.0	96097513.0	-1.8004	0.1198	1.1573	213.0
13	95347014.0	95722264.0	0	0	nan	90.0
13	95722264.0	96097513.0	-0.1007	0.6472	0.2199	123.0
13	96097513.0	102101509.0	0.0081	0.9701	0.2162	2251.0
13	102101509.0	114109501	1.3978	0.3681	1.553	3777.0
13	102101509.0	108105505.0	0	0	nan	2168.0
13	108105505.0	114109501	0.5629	0.5299	0.8961	1609.0
13	108105505.0	111107503.0	0.4798	0.4358	0.6156	1067.0
13	108105505.0	109606504.0	0.3121	0.0653	0.1694	473.0
13	108105505.0	108856005.0	0.8501	0.0072	0.3162	264.0
13	108105505.0	108480755.0	0	0	nan	148.0
13	108480755.0	108856005.0	0	0	nan	116.0
13	108856005.0	109606504.0	-0.0932	0.8756	0.5956	209.0
13	108856005.0	109231255.0	0	0	nan	130.0
13	109231255.0	109606504.0	0.5304	0.0847	0.3077	79.0
13	109606504.0	111107503.0	0	0	nan	594.0
13	111107503.0	114109501	0	0	nan	542.0
14	19467207	106356482	0.9621	0.1163	0.6127	26462.0
14	19467207	62911844.0	0.5987	0.7922	2.2729	13165.0
14	19467207	41189526.0	0	0	nan	6250.0
14	41189526.0	62911844.0	0.5668	0.3671	0.6285	6915.0
14	41189526.0	52050685.0	0.3658	0.0942	0.2186	3384.0
14	41189526.0	46620106.0	0	0	nan	1457.0
14	46620106.0	52050685.0	0.6998	0.0013	0.217	1927.0
14	46620106.0	49335396.0	0.9355	4.3984e-13	0.1292	850.0
14	46620106.0	47977751.0	1.218	0.0017	0.3876	483.0
14	46620106.0	47298929.0	0	0	nan	249.0
14	47298929.0	47977751.0	0.7243	1.6785e-05	0.1683	234.0
14	47298929.0	47638340.0	0.9684	0.0005	0.2789	129.0
14	47638340.0	47977751.0	0	0	nan	105.0
14	47977751.0	49335396.0	0.3882	0.0171	0.1628	367.0
14	47977751.0	48656574.0	-0.4976	0.1949	0.3839	149.0
14	47977751.0	48317163.0	0.1838	0.6877	0.4572	75.0
14	48317163.0	48656574.0	-1.3214	0.1241	0.8594	74.0
14	48656574.0	49335396.0	1.2086	1.4363e-05	0.2786	218.0
14	48656574.0	48995985.0	0	0	nan	125.0
14	48995985.0	49335396.0	1.2219	1.1194e-20	0.131	93.0
14	49335396.0	52050685.0	-0.8208	0.3768	0.9287	1077.0
14	49335396.0	50693041.0	-1.0808	0.4599	1.4624	455.0
14	49335396.0	50014219.0	0	0	nan	193.0
14	50014219.0	50693041.0	0.0549	0.8752	0.3498	262.0
14	50014219.0	50353630.0	-1.7612	0.3765	1.9916	112.0
14	50353630.0	50693041.0	0.8268	2.498e-06	0.1756	150.0
14	50693041.0	52050685.0	-1.1168	0.5939	2.0946	622.0
14	50693041.0	51371863.0	0	0	nan	320.0
14	51371863.0	52050685.0	-3.7255	0.1684	2.7046	302.0
14	51371863.0	51711274.0	0	0	nan	163.0
14	51711274.0	52050685.0	-2.5049	0.2308	2.0903	139.0
14	52050685.0	62911844.0	0	0	nan	3531.0
14	62911844.0	106356482	1.2652	0.1108	0.7934	13297.0
14	62911844.0	84634163.0	0.8116	0.0045	0.2857	7107.0
14	62911844.0	73773004.0	1.5248	0.0001	0.3989	3692.0
14	62911844.0	68342424.0	0	0	nan	1746.0
14	68342424.0	73773004.0	0	0	nan	1946.0
14	73773004.0	84634163.0	0	0	nan	3415.0
14	84634163.0	106356482	0	0	nan	6190.0
15	18294933	99999706	1.187	0.3324	1.2246	23448.0
15	18294933	59147319.0	0	0	nan	11056.0
15	59147319.0	99999706	1.1127	0.1604	0.7928	12392.0
15	59147319.0	79573513.0	0.524	0.3189	0.5258	6079.0
15	59147319.0	69360416.0	0.446	0.0177	0.188	3204.0
15	59147319.0	64253868.0	0	0	nan	1610.0
15	64253868.0	69360416.0	0.6031	0.1855	0.4556	1594.0
15	64253868.0	66807142.0	0	0	nan	925.0
15	66807142.0	69360416.0	0	0	nan	669.0
15	69360416.0	79573513.0	0	0	nan	2875.0
15	79573513.0	99999706	1.3491	0.0297	0.6204	6313.0
15	79573513.0	89786610.0	1.0344	6.666e-07	0.2081	3131.0
15	79573513.0	84680062.0	0.8029	3.0763e-06	0.1721	1482.0
15	79573513.0	82126788.0	2.0083	0.0858	1.1689	594.0
15	79573513.0	80850151.0	0	0	nan	255.0
15	80850151.0	82126788.0	0	0	nan	339.0
15	82126788.0	84680062.0	0.5158	0.0534	0.2671	888.0
15	82126788.0	83403425.0	0	0	nan	329.0
15	83403425.0	84680062.0	0	0	nan	559.0
15	84680062.0	89786610.0	1.5333	0.0055	0.5518	1649.0
15	84680062.0	87233336.0	1.4699	0.0135	0.5948	910.0
15	84680062.0	85956699.0	0	0	nan	562.0
15	85956699.0	87233336.0	1.6755	0.0016	0.5309	348.0
15	85956699.0	86595018.0	2.3881	0.1039	1.4686	212.0
15	85956699.0	86275859.0	0	0	nan	96.0
15	86275859.0	86595018.0	2.4132	0.038	1.163	116.0
15	86595018.0	87233336.0	0	0	nan	136.0
15	87233336.0	89786610.0	1.1421	0.1347	0.7636	739.0
15	87233336.0	88509973.0	0	0	nan	338.0
15	88509973.0	89786610.0	1.4374	0.0119	0.5716	401.0
15	88509973.0	89148292.0	0	0	nan	192.0
15	89148292.0	89786610.0	1.6752	0.0034	0.5719	209.0
15	89148292.0	89467451.0	0.4495	0.1431	0.307	108.0
15	89467451.0	89786610.0	0	0	nan	101.0
15	89786610.0	99999706	0	0	nan	3182.0
16	26671	88700197	0.8667	0.0011	0.2657	22415.0
16	26671	44363434.0	0	0	nan	8599.0
16	44363434.0	88700197	0.8087	0.0005	0.2327	13816.0
16	44363434.0	66531816.0	0.926	2.2268e-05	0.2184	6015.0
16	44363434.0	55447625.0	1.1962	0.0003	0.3329	2933.0
16	44363434.0	49905530.0	-0.7837	0.33	0.8045	943.0
16	44363434.0	47134482.0	0	0	nan	259.0
16	47134482.0	49905530.0	-0.3261	0.4287	0.4121	684.0
16	47134482.0	48520006.0	0	0	nan	363.0
16	48520006.0	49905530.0	-0.2041	0.3761	0.2306	321.0
16	48520006.0	49212768.0	-0.6705	7.5529e-07	0.1356	105.0
16	48520006.0	48866387.0	-1.9837	0.1151	1.2591	52.0
16	48866387.0	49212768.0	-0.4218	0.1338	0.2813	53.0
16	49212768.0	49905530.0	0	0	nan	216.0
16	49905530.0	55447625.0	1.5922	0.0006	0.4658	1990.0
16	49905530.0	52676578.0	1.4318	0.0091	0.5489	906.0
16	49905530.0	51291054.0	0	0	nan	502.0
16	51291054.0	52676578.0	1.5074	0.0004	0.4287	404.0
16	51291054.0	51983816.0	0	0	nan	177.0
16	51983816.0	52676578.0	1.0438	0.0056	0.3767	227.0
16	51983816.0	52330197.0	0.9457	2.7307e-28	0.0857	73.0
16	52330197.0	52676578.0	0	0	nan	154.0
16	52676578.0	55447625.0	0	0	nan	1084.0
16	55447625.0	66531816.0	0.7371	0.005	0.2626	3082.0
16	55447625.0	60989721.0	2.9664	0.3519	3.1863	1503.0
16	55447625.0	58218673.0	3.1243	0.5366	5.0561	845.0
16	55447625.0	56833149.0	0	0	nan	368.0
16	56833149.0	58218673.0	0	0	nan	477.0
16	58218673.0	60989721.0	0	0	nan	658.0
16	60989721.0	66531816.0	0.137	0.6002	0.2613	1579.0
16	60989721.0	63760769.0	-0.2249	0.6058	0.4358	778.0
16	60989721.0	62375245.0	0	0	nan	324.0
16	62375245.0	63760769.0	-0.0227	0.9177	0.2195	454.0
16	62375245.0	63068007.0	-1.5476	0.0126	0.6202	199.0
16	62375245.0	62721626.0	0	0	nan	96.0
16	62721626.0	63068007.0	0	0	nan	103.0
16	63068007.0	63760769.0	0.5682	5.5395e-08	0.1046	255.0
16	63068007.0	63414388.0	0.5841	2.0484e-11	0.0871	111.0
16	63414388.0	63760769.0	0	0	nan	144.0
16	63760769.0	66531816.0	0.4837	0.1182	0.3096	801.0
16	63760769.0	65146293.0	0	0	nan	547.0
16	65146293.0	66531816.0	0	0	nan	254.0
16	66531816.0	88700197	0.7309	0.0638	0.3943	7801.0
16	66531816.0	77616007.0	0.5277	0.1388	0.3565	3581.0
16	66531816.0	72073912.0	0	0	nan	1307.0
16	72073912.0	77616007.0	0.9099	0.1782	0.6758	2274.0
16	72073912.0	74844960.0	2.0808	0.2359	1.7555	776.0
16	72073912.0	73459436.0	1.3125	0.0639	0.7082	390.0
16	72073912.0	72766674.0	0	0	nan	214.0
16	72766674.0	73459436.0	1.4311	0.1392	0.9677	176.0
16	72766674.0	73113055.0	0.6224	5.4812e-09	0.1067	79.0
16	73113055.0	73459436.0	1.324	0.3188	1.3281	97.0
16	73459436.0	74844960.0	0	0	nan	386.0
16	74844960.0	77616007.0	0	0	nan	1498.0
16	77616007.0	88700197	0.5858	0.2433	0.5021	4220.0
16	77616007.0	83158102.0	0	0	nan	2942.0
16	83158102.0	88700197	0.6658	0.0057	0.2407	1278.0
16	83158102.0	85929150.0	-0.1388	0.711	0.3747	848.0
16	83158102.0	84543626.0	0	0	nan	321.0
16	84543626.0	85929150.0	-0.4711	0.1458	0.3239	527.0
16	84543626.0	85236388.0	0.7333	0.0721	0.4077	330.0
16	84543626.0	84890007.0	0.7833	0.479	1.1065	107.0
16	84890007.0	85236388.0	1.0924	0.0779	0.6196	223.0
16	85236388.0	85929150.0	-1.4533	0.0668	0.7929	197.0
16	85236388.0	85582769.0	0	0	nan	72.0
16	85582769.0	85929150.0	-2.0797	0.0088	0.7938	125.0
16	85929150.0	88700197	1.9696	6.8734e-07	0.3967	430.0
16	85929150.0	87314674.0	0	0	nan	175.0
16	87314674.0	88700197	1.3648	0.0002	0.363	255.0
16	87314674.0	88007436.0	3.7405	0.2089	2.9769	80.0
16	87314674.0	87661055.0	0	0	nan	10.0
16	87661055.0	88007436.0	1.3973	0.0811	0.8011	70.0
16	88007436.0	88700197	0.8617	3.9824e-32	0.073	175.0
16	88007436.0	88353817.0	0	0	nan	95.0
16	88353817.0	88700197	0.7115	1.9574e-17	0.0837	80.0
17	3587	78653169	0.3156	0.3104	0.3112	18477.0
17	3587	39328378.0	0.647	0.0395	0.3143	9134.0
17	3587	19665983.0	0	0	nan	4721.0
17	19665983.0	39328378.0	0.6326	0.0105	0.2474	4413.0
17	19665983.0	29497181.0	0.3592	0.0545	0.1868	2150.0
17	19665983.0	24581582.0	0	0	nan	766.0
17	24581582.0	29497181.0	0.4468	0.0335	0.2102	1384.0
17	24581582.0	27039382.0	-0.0863	0.5655	0.1503	531.0
17	24581582.0	25810482.0	0	0	nan	308.0
17	25810482.0	27039382.0	0.2637	0.0356	0.1254	223.0
17	25810482.0	26424932.0	0	0	nan	93.0
17	26424932.0	27039382.0	1.2066	8.7816e-06	0.2714	130.0
17	26424932.0	26732157.0	0	0	nan	87.0
17	26732157.0	27039382.0	0	0	nan	43.0
17	27039382.0	29497181.0	0	0	nan	853.0
17	29497181.0	39328378.0	0	0	nan	2263.0
17	39328378.0	78653169	-0.2193	0.7554	0.7039	9343.0
17	39328378.0	58990774.0	0.273	0.4224	0.3403	4635.0
17	39328378.0	49159576.0	0.8599	0.0234	0.3794	2364.0
17	39328378.0	44243977.0	1.3651	0.2326	1.1435	1014.0
17	39328378.0	41786178.0	0	0	nan	385.0
17	41786178.0	44243977.0	0.7397	0.016	0.307	629.0
17	41786178.0	43015078.0	-1.2614	0.1652	0.9089	226.0
17	41786178.0	42400628.0	0	0	nan	83.0
17	42400628.0	43015078.0	0	0	nan	143.0
17	43015078.0	44243977.0	0.9979	0.0002	0.2722	403.0
17	43015078.0	43629528.0	0	0	nan	220.0
17	43629528.0	44243977.0	0.1063	0.7186	0.2951	183.0
17	43629528.0	43936753.0	0	0	nan	94.0
17	43936753.0	44243977.0	-1.21	0.0075	0.4526	89.0
17	44243977.0	49159576.0	0.9816	0.0066	0.3611	1350.0
17	44243977.0	46701777.0	0	0	nan	475.0
17	46701777.0	49159576.0	1.1165	0.0003	0.3107	875.0
17	46701777.0	47930677.0	1.9621	0.0439	0.9738	497.0
17	46701777.0	47316227.0	1.8123	0.4222	2.2579	266.0
17	46701777.0	47009002.0	0.6534	0.0034	0.2232	114.0
17	47009002.0	47316227.0	0	0	nan	152.0
17	47316227.0	47930677.0	2.7453	0.0267	1.239	231.0
17	47316227.0	47623452.0	0	0	nan	113.0
17	47623452.0	47930677.0	0	0	nan	118.0
17	47930677.0	49159576.0	0.7174	0.0003	0.1989	378.0
17	47930677.0	48545127.0	1.4555	7.9788e-05	0.3689	214.0
17	47930677.0	48237902.0	0.8933	2.7581e-44	0.064	123.0
17	48237902.0	48545127.0	0	0	nan	91.0
17	48545127.0	49159576.0	-0.9965	0.2273	0.8254	164.0
17	48545127.0	48852352.0	0	0	nan	78.0
17	48852352.0	49159576.0	-0.0179	0.8959	0.1364	86.0
17	49159576.0	58990774.0	-3.736	0.5735	6.6369	2271.0
17	49159576.0	54075175.0	0	0	nan	1467.0
17	54075175.0	58990774.0	0	0	nan	804.0
17	58990774.0	78653169	0	0	nan	4708.0
18	59836	76116152	1.1507	0.0711	0.6375	23520.0
18	59836	38087994.0	1.0771	0.1291	0.7096	10697.0
18	59836	19073915.0	0	0	nan	4857.0
18	19073915.0	38087994.0	0.2399	0.4861	0.3445	5840.0
18	19073915.0	28580955.0	-0.0129	0.9759	0.4254	3031.0
18	19073915.0	23827435.0	-1.449	0.3242	1.4697	1560.0
18	19073915.0	21450675.0	0	0	nan	770.0
18	21450675.0	23827435.0	0	0	nan	790.0
18	23827435.0	28580955.0	1.2045	0.17	0.8778	1471.0
18	23827435.0	26204195.0	1.1858	0.3263	1.2081	664.0
18	23827435.0	25015815.0	1.4441	0.0081	0.5457	345.0
18	23827435.0	24421625.0	-0.6452	0.0036	0.2217	170.0
18	23827435.0	24124530.0	-1.031	0.4055	1.2395	90.0
18	24124530.0	24421625.0	0.3207	0.5271	0.5071	80.0
18	24421625.0	25015815.0	0	0	nan	175.0
18	25015815.0	26204195.0	0	0	nan	319.0
18	26204195.0	28580955.0	0	0	nan	807.0
18	28580955.0	38087994.0	0.4517	0.2403	0.3847	2809.0
18	28580955.0	33334475.0	1.0932	0.0333	0.5137	1254.0
18	28580955.0	30957715.0	0	0	nan	517.0
18	30957715.0	33334475.0	0.6463	0.1369	0.4346	737.0
18	30957715.0	32146095.0	0	0	nan	319.0
18	32146095.0	33334475.0	0.0268	0.9491	0.4196	418.0
18	32146095.0	32740285.0	0.3294	0.2324	0.2758	255.0
18	32146095.0	32443190.0	5.8771	0.6121	11.5913	141.0
18	32443190.0	32740285.0	-0.3077	0.3457	0.3263	114.0
18	32740285.0	33334475.0	0	0	nan	163.0
18	33334475.0	38087994.0	0	0	nan	1555.0
18	38087994.0	76116152	1.5814	0.7219	4.4431	12823.0
18	38087994.0	57102073.0	1.4286	0.8166	6.1587	6733.0
18	38087994.0	47595034.0	3.6618	0.6312	7.6285	3310.0
18	38087994.0	42841514.0	0	0	nan	1620.0
18	42841514.0	47595034.0	0.6178	0.0861	0.3599	1690.0
18	42841514.0	45218274.0	0.8445	0.1532	0.5912	740.0
18	42841514.0	44029894.0	0	0	nan	373.0
18	44029894.0	45218274.0	-0.5745	0.0171	0.2408	367.0
18	44029894.0	44624084.0	0	0	nan	212.0
18	44624084.0	45218274.0	-1.4483	0.2046	1.1417	155.0
18	44624084.0	44921179.0	0	0	nan	70.0
18	44921179.0	45218274.0	0	0	nan	85.0
18	45218274.0	47595034.0	0.3113	0.1702	0.2269	950.0
18	45218274.0	46406654.0	0	0	nan	552.0
18	46406654.0	47595034.0	0	0	nan	398.0
18	47595034.0	57102073.0	0	0	nan	3423.0
18	57102073.0	76116152	0	0	nan	6090.0
19	211912	63785948	0.1604	0.6462	0.3493	10490.0
19	211912	31998930.0	-0.3235	0.3014	0.313	3765.0
19	211912	16105421.0	-0.8807	0.0264	0.3968	2379.0
19	211912	8158667.0	0	0	nan	841.0
19	8158667.0	16105421.0	0	0	nan	1538.0
19	16105421.0	31998930.0	0.3887	0.1623	0.2782	1386.0
19	16105421.0	24052176.0	0.4128	0.1584	0.2926	1360.0
19	16105421.0	20078799.0	0.6685	0.0115	0.2645	617.0
19	16105421.0	18092110.0	0	0	nan	271.0
19	18092110.0	20078799.0	0.6355	0.0158	0.2633	346.0
19	18092110.0	19085455.0	1.163	0.0225	0.5098	151.0
19	18092110.0	18588783.0	1.1024	0.1376	0.7424	93.0
19	18588783.0	19085455.0	0	0	nan	58.0
19	19085455.0	20078799.0	0.3926	0.1772	0.2909	195.0
19	19085455.0	19582127.0	0	0	nan	116.0
19	19582127.0	20078799.0	0	0	nan	79.0
19	20078799.0	24052176.0	0	0	nan	743.0
19	24052176.0	31998930.0	0	0	nan	26.0
19	31998930.0	63785948	1.3038	0.4609	1.7683	6725.0
19	31998930.0	47892439.0	0.3562	0.4077	0.4301	3705.0
19	31998930.0	39945685.0	0	0	nan	2110.0
19	39945685.0	47892439.0	0.152	0.5315	0.2429	1595.0
19	39945685.0	43919062.0	0.2019	0.2528	0.1765	961.0
19	39945685.0	41932374.0	-0.001	0.9967	0.2498	422.0
19	41932374.0	43919062.0	0	0	nan	539.0
19	43919062.0	47892439.0	0	0	nan	634.0
19	47892439.0	63785948	0	0	nan	3020.0
20	9795	62382907	0	0	nan	19957.0
21	10023882	46915057	-0.3862	0.2808	0.358	10955.0
21	10023882	28469469.0	0	0	nan	4377.0
21	28469469.0	46915057	-0.0716	0.7418	0.2174	6578.0
21	28469469.0	37692263.0	-1.0288	0.038	0.4958	3175.0
21	28469469.0	33080866.0	-0.1531	0.3823	0.1753	1583.0
21	28469469.0	30775168.0	-1.2925	0.0081	0.4878	862.0
21	28469469.0	29622319.0	0	0	nan	465.0
21	29622319.0	30775168.0	-0.6595	0.2204	0.5382	397.0
21	29622319.0	30198744.0	-0.446	0.2318	0.373	209.0
21	29622319.0	29910532.0	0	0	nan	87.0
21	29910532.0	30198744.0	-0.9629	0.5966	1.8191	122.0
21	30198744.0	30775168.0	0	0	nan	188.0
21	30775168.0	33080866.0	0	0	nan	721.0
21	33080866.0	37692263.0	0	0	nan	1592.0
21	37692263.0	46915057	0.9125	0.0277	0.4144	3403.0
21	37692263.0	42303660.0	0	0	nan	2008.0
21	42303660.0	46915057	0.7206	0.0398	0.3505	1395.0
21	42303660.0	44609359.0	4.3243	0.5032	6.4595	681.0
21	42303660.0	43456510.0	1.5278	0.6893	3.8217	426.0
21	42303660.0	42880085.0	0	0	nan	219.0
21	42880085.0	43456510.0	-0.0734	0.8588	0.4125	207.0
21	42880085.0	43168298.0	0	0	nan	97.0
21	43168298.0	43456510.0	-0.2196	0.3816	0.251	110.0
21	43456510.0	44609359.0	0	0	nan	255.0
21	44609359.0	46915057	0.0597	0.7977	0.2328	714.0
21	44609359.0	45762208.0	-1.3543	0.2014	1.06	328.0
21	44609359.0	45185784.0	0	0	nan	193.0
21	45185784.0	45762208.0	0	0	nan	135.0
21	45762208.0	46915057	0.6349	0.2234	0.5215	386.0
21	45762208.0	46338633.0	0	0	nan	150.0
21	46338633.0	46915057	0.6649	0.0051	0.2372	236.0
21	46338633.0	46626845.0	0	0	nan	100.0
21	46626845.0	46915057	0.2127	0.0921	0.1263	136.0
22	14560203	49565872	0.9103	0.0088	0.3476	9701.0
22	14560203	32063037.0	0.1758	0.7889	0.6568	4676.0
22	14560203	23311620.0	0.291	0.5086	0.4402	1723.0
22	14560203	18935912.0	-2.3805	0.516	3.6649	843.0
22	14560203	16748058.0	0	0	nan	324.0
22	16748058.0	18935912.0	0	0	nan	519.0
22	18935912.0	23311620.0	0.7634	0.2745	0.6986	880.0
22	18935912.0	21123766.0	0	0	nan	389.0
22	21123766.0	23311620.0	-0.3254	0.4976	0.4798	491.0
22	21123766.0	22217693.0	0.7068	0.2408	0.6026	223.0
22	21123766.0	21670730.0	1.113	0.8841	7.6318	55.0
22	21123766.0	21397248.0	1.4562	0.0007	0.4273	23.0
22	21397248.0	21670730.0	0	0	nan	32.0
22	21670730.0	22217693.0	0	0	nan	168.0
22	22217693.0	23311620.0	0	0	nan	268.0
22	23311620.0	32063037.0	0	0	nan	2953.0
22	32063037.0	49565872	1.2824	0.0031	0.4334	5025.0
22	32063037.0	40814455.0	1.0613	0.0004	0.2973	2405.0
22	32063037.0	36438746.0	0	0	nan	1462.0
22	36438746.0	40814455.0	1.7579	0.0001	0.4609	943.0
22	36438746.0	38626601.0	0	0	nan	458.0
22	38626601.0	40814455.0	0	0	nan	485.0
22	40814455.0	49565872	1.3946	0.0863	0.8129	2620.0
22	40814455.0	45190164.0	2.7539	0.2025	2.1609	1264.0
22	40814455.0	43002310.0	2.2829	0.1088	1.4235	708.0
22	40814455.0	41908383.0	2.9991	0.2382	2.5424	262.0
22	40814455.0	41361419.0	0	0	nan	98.0
22	41361419.0	41908383.0	2.7341	0.0786	1.5547	164.0
22	41361419.0	41634901.0	3.6272	0.507	5.4665	81.0
22	41634901.0	41908383.0	0	0	nan	83.0
22	41908383.0	43002310.0	0	0	nan	446.0
22	43002310.0	45190164.0	0	0	nan	556.0
22	45190164.0	49565872	0.4749	0.3117	0.4694	1356.0
22	45190164.0	47378018.0	0	0	nan	775.0
22	47378018.0	49565872	-0.1559	0.6363	0.3297	581.0
22	47378018.0	48471945.0	-0.1094	0.7832	0.3977	402.0
22	47378018.0	47924982.0	0.1358	0.4852	0.1946	176.0
22	47378018.0	47651500.0	0.2375	0.09	0.1401	83.0
22	47651500.0	47924982.0	-0.5624	0.3196	0.565	93.0
22	47924982.0	48471945.0	-0.7771	0.5805	1.4061	226.0
22	47924982.0	48198464.0	0	0	nan	145.0
22	48198464.0	48471945.0	0	0	nan	81.0
22	48471945.0	49565872	0	0	nan	179.0
