chromosome 	 region_start 	 region_end 	 correlation 	 pvalue 	 std_err 	 SNPs 
1	742584	247177973	0	0	nan	63310.0
2	5703	242669396	0.4959	0.5543	0.8385	67501.0
2	5703	121337549.0	0.3344	0.5769	0.5994	34859.0
2	5703	60671626.0	0	0	nan	20366.0
2	60671626.0	121337549.0	0.2384	0.6233	0.4854	14493.0
2	60671626.0	91004588.0	0	0	nan	7958.0
2	91004588.0	121337549.0	0	0	nan	6535.0
2	121337549.0	242669396	0	0	nan	32642.0
3	36044	199322659	0.2373	0.488	0.3422	55805.0
3	36044	99679351.0	0.462	0.1542	0.3243	28279.0
3	36044	49857698.0	0.7329	0.2627	0.6544	15772.0
3	36044	24946871.0	0.3409	0.2809	0.3161	8648.0
3	36044	12491458.0	0.1534	0.7379	0.4586	4676.0
3	36044	6263751.0	0.2464	0.5455	0.4077	2371.0
3	36044	3149898.0	-0.4142	0.5471	0.688	1203.0
3	36044	1592971.0	0	0	nan	545.0
3	1592971.0	3149898.0	0	0	nan	658.0
3	3149898.0	6263751.0	1.0346	0.1162	0.6586	1168.0
3	3149898.0	4706825.0	2.2595	0.041	1.1058	653.0
3	3149898.0	3928362.0	0	0	nan	338.0
3	3928362.0	4706825.0	0	0	nan	315.0
3	4706825.0	6263751.0	0.1914	0.6152	0.3807	515.0
3	4706825.0	5485288.0	-0.0453	0.8718	0.2803	214.0
3	4706825.0	5096057.0	0	0	nan	130.0
3	5096057.0	5485288.0	0	0	nan	84.0
3	5485288.0	6263751.0	1.2131	0.5124	1.8519	301.0
3	5485288.0	5874520.0	0	0	nan	116.0
3	5874520.0	6263751.0	0	0	nan	185.0
3	6263751.0	12491458.0	0	0	nan	2305.0
3	12491458.0	24946871.0	0.5188	0.1465	0.3573	3972.0
3	12491458.0	18719165.0	0	0	nan	1865.0
3	18719165.0	24946871.0	0.2244	0.4401	0.2907	2107.0
3	18719165.0	21833018.0	0.0314	0.9238	0.3286	1012.0
3	18719165.0	20276092.0	0.4659	0.0581	0.2458	351.0
3	18719165.0	19497629.0	0	0	nan	119.0
3	19497629.0	20276092.0	0.9544	0.0177	0.4024	232.0
3	19497629.0	19886861.0	0.7302	0.0098	0.2827	64.0
3	19886861.0	20276092.0	1.2757	0.0464	0.6407	168.0
3	20276092.0	21833018.0	0	0	nan	661.0
3	21833018.0	24946871.0	0	0	nan	1095.0
3	24946871.0	49857698.0	0	0	nan	7124.0
3	49857698.0	99679351.0	0.4689	0.2608	0.417	12507.0
3	49857698.0	74768525.0	0.1171	0.6379	0.2488	8157.0
3	49857698.0	62313112.0	0.1985	0.3063	0.194	4270.0
3	49857698.0	56085405.0	0.0581	0.8003	0.2299	1881.0
3	49857698.0	52971552.0	0.6344	0.0388	0.307	747.0
3	49857698.0	51414625.0	0	0	nan	406.0
3	51414625.0	52971552.0	0.4282	0.33	0.4396	341.0
3	51414625.0	52193089.0	0	0	nan	89.0
3	52193089.0	52971552.0	0.2235	0.9203	2.2336	252.0
3	52193089.0	52582321.0	-0.0906	0.9149	0.848	133.0
3	52582321.0	52971552.0	0	0	nan	119.0
3	52971552.0	56085405.0	-0.3335	0.384	0.3831	1134.0
3	52971552.0	54528479.0	0.649	0.2027	0.5095	507.0
3	52971552.0	53750016.0	0	0	nan	232.0
3	53750016.0	54528479.0	0	0	nan	275.0
3	54528479.0	56085405.0	-2.2208	0.1395	1.5031	627.0
3	54528479.0	55306942.0	0	0	nan	352.0
3	55306942.0	56085405.0	0	0	nan	275.0
3	56085405.0	62313112.0	0.291	0.2084	0.2313	2389.0
3	56085405.0	59199259.0	-0.0254	0.8683	0.1532	929.0
3	56085405.0	57642332.0	0	0	nan	535.0
3	57642332.0	59199259.0	0.3414	0.0479	0.1726	394.0
3	57642332.0	58420796.0	0.6442	0.0018	0.2061	284.0
3	57642332.0	58031564.0	0.8831	0.1253	0.5761	108.0
3	58031564.0	58420796.0	0	0	nan	176.0
3	58420796.0	59199259.0	0	0	nan	110.0
3	59199259.0	62313112.0	0	0	nan	1460.0
3	62313112.0	74768525.0	0	0	nan	3887.0
3	74768525.0	99679351.0	0	0	nan	4350.0
3	99679351.0	199322659	0	0	nan	27526.0
4	59713	191184445	1.4444	0.6466	3.1503	48591.0
4	59713	95622079.0	0	0	nan	24814.0
4	95622079.0	191184445	1.389	0.6855	3.4294	23777.0
4	95622079.0	143403262.0	0	0	nan	11968.0
4	143403262.0	191184445	0	0	nan	11809.0
5	89344	179998061	0	0	nan	51900.0
6	94609	169999770	0	0	nan	49043.0
7	140018	158812247	-0.4101	0.3866	0.4737	42237.0
7	140018	79476132.0	-0.5535	0.2391	0.4702	22361.0
7	140018	39808075.0	-1.1263	0.429	1.4241	13372.0
7	140018	19974047.0	0	0	nan	5808.0
7	19974047.0	39808075.0	0	0	nan	7564.0
7	39808075.0	79476132.0	-0.3463	0.4003	0.4117	8989.0
7	39808075.0	59642104.0	0	0	nan	5530.0
7	59642104.0	79476132.0	0	0	nan	3459.0
7	79476132.0	158812247	0	0	nan	19876.0
8	151222	146264218	0	0	nan	43859.0
9	30910	139999801	0.1662	0.8092	0.6881	35187.0
9	30910	70015355.0	0.08	0.8627	0.4625	13671.0
9	30910	35023133.0	0.0441	0.9014	0.3558	12580.0
9	30910	17527022.0	0.2458	0.5885	0.4544	7105.0
9	30910	8778966.0	0	0	nan	3927.0
9	8778966.0	17527022.0	0.2362	0.6377	0.5015	3178.0
9	8778966.0	13152994.0	1.2561	0.0907	0.7426	1540.0
9	8778966.0	10965980.0	0	0	nan	814.0
9	10965980.0	13152994.0	0.5472	0.0068	0.2023	726.0
9	10965980.0	12059487.0	1.4556	0.0001	0.3761	343.0
9	10965980.0	11512734.0	1.5333	0.0069	0.5673	215.0
9	10965980.0	11239357.0	0	0	nan	124.0
9	11239357.0	11512734.0	0.426	0.1689	0.3097	91.0
9	11512734.0	12059487.0	1.0684	1.4723e-10	0.1667	128.0
9	11512734.0	11786111.0	0.5793	0.0002	0.1547	92.0
9	11786111.0	12059487.0	0	0	nan	36.0
9	12059487.0	13152994.0	0	0	nan	383.0
9	13152994.0	17527022.0	-0.7687	0.3313	0.7913	1638.0
9	13152994.0	15340008.0	0	0	nan	814.0
9	15340008.0	17527022.0	-0.0799	0.7793	0.285	824.0
9	15340008.0	16433515.0	1.1831	0.0018	0.3784	425.0
9	15340008.0	15886762.0	0.7219	2.3545e-06	0.1529	142.0
9	15340008.0	15613385.0	0.6673	0.0012	0.206	62.0
9	15613385.0	15886762.0	0	0	nan	80.0
9	15886762.0	16433515.0	0	0	nan	283.0
9	16433515.0	17527022.0	-0.9098	0.0001	0.2394	399.0
9	16433515.0	16980269.0	0	0	nan	226.0
9	16980269.0	17527022.0	-0.9995	9.7344e-23	0.1018	173.0
9	16980269.0	17253646.0	-1.019	0.0005	0.2946	74.0
9	17253646.0	17527022.0	-0.991	4.3438e-06	0.2157	99.0
9	17527022.0	35023133.0	-0.195	0.5916	0.3635	5475.0
9	17527022.0	26275078.0	0.2171	0.5026	0.3237	2655.0
9	17527022.0	21901050.0	-0.1366	0.6526	0.3033	1659.0
9	17527022.0	19714036.0	-0.7437	0.0239	0.3293	942.0
9	17527022.0	18620529.0	0	0	nan	468.0
9	18620529.0	19714036.0	-0.3454	0.3866	0.399	474.0
9	18620529.0	19167283.0	0.3258	0.6274	0.6712	307.0
9	18620529.0	18893906.0	0	0	nan	174.0
9	18893906.0	19167283.0	0	0	nan	133.0
9	19167283.0	19714036.0	-0.5	0.272	0.4552	167.0
9	19167283.0	19440660.0	-1.2026	0.0036	0.4129	66.0
9	19440660.0	19714036.0	0	0	nan	101.0
9	19714036.0	21901050.0	0	0	nan	717.0
9	21901050.0	26275078.0	1.6463	0.4437	2.1493	996.0
9	21901050.0	24088064.0	0	0	nan	500.0
9	24088064.0	26275078.0	0	0	nan	496.0
9	26275078.0	35023133.0	-0.8453	0.0687	0.4644	2820.0
9	26275078.0	30649106.0	-1.8301	0.3666	2.027	1582.0
9	26275078.0	28462092.0	0	0	nan	873.0
9	28462092.0	30649106.0	0	0	nan	709.0
9	30649106.0	35023133.0	-0.361	0.1061	0.2234	1238.0
9	30649106.0	32836120.0	0	0	nan	641.0
9	32836120.0	35023133.0	-0.445	0.2067	0.3524	597.0
9	32836120.0	33929627.0	-1.0962	0.1862	0.8293	294.0
9	32836120.0	33382874.0	0	0	nan	192.0
9	33382874.0	33929627.0	-1.4995	0.1676	1.0867	102.0
9	33382874.0	33656251.0	0	0	nan	34.0
9	33656251.0	33929627.0	-0.9273	0.1259	0.6059	68.0
9	33929627.0	35023133.0	0	0	nan	303.0
9	35023133.0	70015355.0	0	0	nan	1091.0
9	70015355.0	139999801	0	0	nan	21516.0
10	88481	135284978	0	0	nan	43087.0
11	188510	134445626	0.6198	0.4075	0.7482	40571.0
11	188510	67317068.0	0	0	nan	18839.0
11	67317068.0	134445626	0.4359	0.5777	0.7829	21732.0
11	67317068.0	100881347.0	0	0	nan	10263.0
11	100881347.0	134445626	0	0	nan	11469.0
12	61880	132288757	0	0	nan	38413.0
13	18045562	114109501	0	0	nan	30406.0
14	19453079	106356482	0	0	nan	25504.0
15	18294933	99999706	0	0	nan	22538.0
16	26671	88700197	0	0	nan	21215.0
17	3587	78653169	0	0	nan	17545.0
18	59836	76116152	1.2121	0.4814	1.7219	22196.0
18	59836	38087994.0	1.0613	0.3729	1.1911	10135.0
18	59836	19073915.0	0.1766	0.7752	0.6183	4375.0
18	59836	9566876.0	0.3106	0.5774	0.5575	2586.0
18	59836	4813356.0	0	0	nan	1218.0
18	4813356.0	9566876.0	0.1073	0.8517	0.574	1368.0
18	4813356.0	7190116.0	0	0	nan	621.0
18	7190116.0	9566876.0	-0.4257	0.7262	1.2158	747.0
18	7190116.0	8378496.0	0	0	nan	339.0
18	8378496.0	9566876.0	-1.679	0.5502	2.8099	408.0
18	8378496.0	8972686.0	0	0	nan	229.0
18	8972686.0	9566876.0	0	0	nan	179.0
18	9566876.0	19073915.0	0	0	nan	1789.0
18	19073915.0	38087994.0	1.6081	0.4096	1.9501	5760.0
18	19073915.0	28580955.0	0	0	nan	2992.0
18	28580955.0	38087994.0	0	0	nan	2768.0
18	38087994.0	76116152	0	0	nan	12061.0
19	211912	63785948	0	0	nan	9430.0
20	9795	62382907	0	0	nan	19069.0
21	13517135	46915057	0	0	nan	10466.0
22	14886368	49565872	0	0	nan	9129.0
