chromosome 	 region_start 	 region_end 	 correlation 	 pvalue 	 std_err 	 SNPs 
1	758311	247177973	1.0733	0.4076	1.2961	64666.0
1	758311	123968142.0	0.6764	0.1094	0.4225	33460.0
1	758311	62363227.0	0	0	nan	15881.0
1	62363227.0	123968142.0	0.5706	0.1155	0.3625	17579.0
1	62363227.0	93165685.0	0.5297	0.531	0.8454	9441.0
1	62363227.0	77764456.0	0	0	nan	4694.0
1	77764456.0	93165685.0	0	0	nan	4747.0
1	93165685.0	123968142.0	0.605	0.1088	0.3773	8138.0
1	93165685.0	108566914.0	0.9775	0.1195	0.6278	4615.0
1	93165685.0	100866300.0	1.3356	0.2452	1.1494	2621.0
1	93165685.0	97015993.0	1.8477	0.1828	1.3868	1336.0
1	93165685.0	95090839.0	-0.3812	0.8258	1.7322	606.0
1	93165685.0	94128262.0	-0.0455	0.8128	0.1921	246.0
1	93165685.0	93646974.0	0	0	nan	117.0
1	93646974.0	94128262.0	-0.503	0.0441	0.2499	129.0
1	94128262.0	95090839.0	0	0	nan	360.0
1	95090839.0	97015993.0	4.5595	0.3651	5.0347	730.0
1	95090839.0	96053416.0	0	0	nan	379.0
1	96053416.0	97015993.0	0.302	0.7157	0.8293	351.0
1	96053416.0	96534705.0	-3.2201	0.3952	3.7875	197.0
1	96534705.0	97015993.0	1.2899	0.0012	0.3972	154.0
1	97015993.0	100866300.0	1.894	0.528	3.0015	1285.0
1	97015993.0	98941147.0	0	0	nan	592.0
1	98941147.0	100866300.0	0	0	nan	693.0
1	100866300.0	108566914.0	0.9686	0.2246	0.7976	1994.0
1	100866300.0	104716607.0	0	0	nan	997.0
1	104716607.0	108566914.0	0.2538	0.3365	0.2641	997.0
1	104716607.0	106641761.0	0	0	nan	354.0
1	106641761.0	108566914.0	1.0084	0.2062	0.7977	643.0
1	106641761.0	107604338.0	0	0	nan	255.0
1	107604338.0	108566914.0	0.9291	0.0171	0.3897	388.0
1	107604338.0	108085626.0	0	0	nan	187.0
1	108085626.0	108566914.0	0.6264	0.001	0.19	201.0
1	108566914.0	123968142.0	-0.3219	0.5453	0.5322	3523.0
1	108566914.0	116267528.0	-0.2354	0.7632	0.7815	2423.0
1	108566914.0	112417221.0	0	0	nan	1271.0
1	112417221.0	116267528.0	0	0	nan	1152.0
1	116267528.0	123968142.0	-0.3474	0.6212	0.703	1100.0
1	116267528.0	120117835.0	0	0	nan	1046.0
1	120117835.0	123968142.0	0	0	nan	54.0
1	123968142.0	247177973	0	0	nan	31206.0
2	5703	242669396	0.7673	0.1824	0.5754	68492.0
2	5703	121337549.0	0.7102	0.1178	0.454	35176.0
2	5703	60671626.0	0	0	nan	20611.0
2	60671626.0	121337549.0	0.2768	0.4915	0.4023	14565.0
2	60671626.0	91004588.0	0	0	nan	7930.0
2	91004588.0	121337549.0	-0.1425	0.7232	0.4023	6635.0
2	91004588.0	106171069.0	0.1503	0.4853	0.2153	2885.0
2	91004588.0	98587829.0	0.9789	0.0784	0.5562	482.0
2	91004588.0	94796209.0	0	0	nan	nan
2	94796209.0	98587829.0	0.9789	0.0784	0.5562	482.0
2	94796209.0	96692019.0	0.7026	0.0035	0.2405	179.0
2	94796209.0	95744114.0	0	0	nan	69.0
2	95744114.0	96692019.0	0.8845	0.0005	0.2556	110.0
2	95744114.0	96218067.0	1.569	0.0039	0.5435	38.0
2	96218067.0	96692019.0	0.9234	0.0627	0.4961	72.0
2	96692019.0	98587829.0	0.8924	0.1161	0.5679	303.0
2	96692019.0	97639924.0	0	0	nan	80.0
2	97639924.0	98587829.0	0	0	nan	223.0
2	98587829.0	106171069.0	0.0025	0.9931	0.2886	2403.0
2	106171069.0	121337549.0	0	0	nan	3750.0
2	121337549.0	242669396	0	0	nan	33316.0
3	36044	199322659	0.2253	0.2252	0.1858	56356.0
3	36044	99679351.0	0.3203	0.1514	0.2233	28531.0
3	36044	49857698.0	0.0612	0.816	0.2629	15824.0
3	36044	24946871.0	-0.017	0.9557	0.3049	8635.0
3	36044	12491458.0	0.2113	0.5739	0.3758	4663.0
3	36044	6263751.0	0.2448	0.5979	0.4642	2353.0
3	36044	3149898.0	0.6185	0.1177	0.3953	1188.0
3	36044	1592971.0	0	0	nan	582.0
3	1592971.0	3149898.0	0.5806	0.0514	0.2981	606.0
3	1592971.0	2371435.0	2.2019	0.7709	7.5613	332.0
3	1592971.0	1982203.0	2.2567	0.4741	3.1525	193.0
3	1982203.0	2371435.0	0	0	nan	139.0
3	2371435.0	3149898.0	0	0	nan	274.0
3	3149898.0	6263751.0	-0.9087	0.4207	1.1284	1165.0
3	3149898.0	4706825.0	0	0	nan	665.0
3	4706825.0	6263751.0	-0.4557	0.6166	0.9101	500.0
3	4706825.0	5485288.0	1.1963	0.3088	1.1753	186.0
3	4706825.0	5096057.0	0	0	nan	111.0
3	5096057.0	5485288.0	0	0	nan	75.0
3	5485288.0	6263751.0	0	0	nan	314.0
3	6263751.0	12491458.0	0	0	nan	2310.0
3	12491458.0	24946871.0	0.0208	0.9646	0.4693	3972.0
3	12491458.0	18719165.0	0	0	nan	1872.0
3	18719165.0	24946871.0	0	0	nan	2100.0
3	24946871.0	49857698.0	0.3068	0.4323	0.3906	7189.0
3	24946871.0	37402285.0	0	0	nan	3784.0
3	37402285.0	49857698.0	-0.0357	0.9091	0.3127	3405.0
3	37402285.0	43629992.0	0	0	nan	1833.0
3	43629992.0	49857698.0	-0.1699	0.8028	0.6803	1572.0
3	43629992.0	46743845.0	0.0305	0.9385	0.3959	947.0
3	43629992.0	45186919.0	0	0	nan	408.0
3	45186919.0	46743845.0	-0.0192	0.9093	0.1683	539.0
3	45186919.0	45965382.0	-0.3736	0.2934	0.3555	298.0
3	45186919.0	45576151.0	0	0	nan	151.0
3	45576151.0	45965382.0	0.0666	0.4444	0.0871	147.0
3	45965382.0	46743845.0	0.0771	0.6686	0.1802	241.0
3	45965382.0	46354614.0	0	0	nan	131.0
3	46354614.0	46743845.0	0	0	nan	110.0
3	46743845.0	49857698.0	-0.9933	0.0159	0.4119	625.0
3	46743845.0	48300772.0	0	0	nan	229.0
3	48300772.0	49857698.0	-2.1068	0.3335	2.1783	396.0
3	48300772.0	49079235.0	0	0	nan	172.0
3	49079235.0	49857698.0	0	0	nan	224.0
3	49857698.0	99679351.0	0.6996	0.132	0.4644	12707.0
3	49857698.0	74768525.0	0.4845	0.0209	0.2097	8287.0
3	49857698.0	62313112.0	0.3321	0.0313	0.1543	4325.0
3	49857698.0	56085405.0	0.4471	0.007	0.1656	1889.0
3	49857698.0	52971552.0	0.5669	0.012	0.2256	751.0
3	49857698.0	51414625.0	0	0	nan	409.0
3	51414625.0	52971552.0	0	0	nan	342.0
3	52971552.0	56085405.0	0.3188	0.2239	0.2621	1138.0
3	52971552.0	54528479.0	0.0992	0.4474	0.1306	496.0
3	52971552.0	53750016.0	0	0	nan	226.0
3	53750016.0	54528479.0	-0.0821	0.8282	0.3784	270.0
3	53750016.0	54139248.0	-1.2874	0.408	1.5559	127.0
3	54139248.0	54528479.0	1.6953	0.1306	1.1214	143.0
3	54528479.0	56085405.0	0	0	nan	642.0
3	56085405.0	62313112.0	0.2668	0.1819	0.1999	2436.0
3	56085405.0	59199259.0	-0.1699	0.3567	0.1843	899.0
3	56085405.0	57642332.0	0	0	nan	518.0
3	57642332.0	59199259.0	-0.3618	0.0868	0.2113	381.0
3	57642332.0	58420796.0	-0.8194	0.2197	0.6676	280.0
3	57642332.0	58031564.0	0.0617	0.8265	0.2814	104.0
3	58031564.0	58420796.0	0	0	nan	176.0
3	58420796.0	59199259.0	0	0	nan	101.0
3	59199259.0	62313112.0	0.4349	0.1451	0.2985	1537.0
3	59199259.0	60756186.0	0	0	nan	935.0
3	60756186.0	62313112.0	0.1065	0.6799	0.258	602.0
3	60756186.0	61534649.0	0.4654	0.0167	0.1944	286.0
3	60756186.0	61145418.0	0.8112	0.1063	0.5022	169.0
3	61145418.0	61534649.0	0	0	nan	117.0
3	61534649.0	62313112.0	-0.3519	0.2541	0.3086	316.0
3	61534649.0	61923881.0	0	0	nan	138.0
3	61923881.0	62313112.0	-0.7686	0.025	0.3429	178.0
3	62313112.0	74768525.0	1.0813	0.2625	0.9651	3962.0
3	62313112.0	68540819.0	0.4513	0.1942	0.3476	2168.0
3	62313112.0	65426966.0	0.6014	0.0221	0.2627	1284.0
3	62313112.0	63870039.0	0.4716	0.1482	0.3262	607.0
3	62313112.0	63091576.0	0	0	nan	328.0
3	63091576.0	63870039.0	-0.3064	0.1289	0.2018	279.0
3	63091576.0	63480808.0	-0.3481	0.0715	0.1931	159.0
3	63480808.0	63870039.0	0.553	0.5246	0.8691	120.0
3	63870039.0	65426966.0	0	0	nan	677.0
3	65426966.0	68540819.0	0	0	nan	884.0
3	68540819.0	74768525.0	1.3033	0.4443	1.7036	1794.0
3	68540819.0	71654672.0	0	0	nan	887.0
3	71654672.0	74768525.0	-1.6063	0.3827	1.8399	907.0
3	71654672.0	73211599.0	0	0	nan	370.0
3	73211599.0	74768525.0	-0.7954	0.0214	0.3458	537.0
3	73211599.0	73990062.0	-0.9526	0.0106	0.3725	320.0
3	73211599.0	73600831.0	-0.094	0.7932	0.3585	151.0
3	73600831.0	73990062.0	-1.3552	0.0407	0.6621	169.0
3	73990062.0	74768525.0	0	0	nan	217.0
3	74768525.0	99679351.0	0	0	nan	4420.0
3	99679351.0	199322659	0.071	0.7844	0.2595	27825.0
3	99679351.0	149501005.0	0.2377	0.572	0.4206	14732.0
3	99679351.0	124590178.0	0.04	0.9175	0.3856	7466.0
3	99679351.0	112134765.0	-0.4056	0.5536	0.6846	3484.0
3	99679351.0	105907058.0	0	0	nan	1760.0
3	105907058.0	112134765.0	-0.4042	0.5457	0.6689	1724.0
3	105907058.0	109020912.0	-1.5545	0.3063	1.5196	835.0
3	105907058.0	107463985.0	0	0	nan	457.0
3	107463985.0	109020912.0	-0.1237	0.6556	0.2775	378.0
3	107463985.0	108242449.0	-0.4828	0.0033	0.1641	192.0
3	107463985.0	107853217.0	-0.9189	1.2341e-05	0.2102	114.0
3	107853217.0	108242449.0	0	0	nan	78.0
3	108242449.0	109020912.0	0	0	nan	186.0
3	109020912.0	112134765.0	0	0	nan	889.0
3	112134765.0	124590178.0	0.422	0.4054	0.5072	3982.0
3	112134765.0	118362472.0	0	0	nan	1912.0
3	118362472.0	124590178.0	-0.1244	0.6626	0.2851	2070.0
3	118362472.0	121476325.0	0	0	nan	1118.0
3	121476325.0	124590178.0	0.5313	0.231	0.4436	952.0
3	121476325.0	123033252.0	0.5735	0.0231	0.2524	394.0
3	121476325.0	122254789.0	-0.0005	0.9981	0.1958	221.0
3	122254789.0	123033252.0	0.2186	0.3976	0.2584	173.0
3	122254789.0	122644021.0	0.6866	7.9077e-08	0.1279	70.0
3	122644021.0	123033252.0	-0.0856	0.7741	0.2983	103.0
3	123033252.0	124590178.0	0	0	nan	558.0
3	124590178.0	149501005.0	0.6452	0.4362	0.8287	7266.0
3	124590178.0	137045592.0	1.2946	0.1441	0.8862	3805.0
3	124590178.0	130817885.0	0	0	nan	1825.0
3	130817885.0	137045592.0	0.4336	0.1572	0.3065	1980.0
3	130817885.0	133931739.0	0	0	nan	944.0
3	133931739.0	137045592.0	0.2979	0.1994	0.2321	1036.0
3	133931739.0	135488666.0	-0.4947	0.3502	0.5295	510.0
3	133931739.0	134710203.0	0	0	nan	286.0
3	134710203.0	135488666.0	0	0	nan	224.0
3	135488666.0	137045592.0	1.1165	0.0022	0.3641	526.0
3	135488666.0	136267129.0	2.0233	0.0096	0.7807	271.0
3	135488666.0	135877898.0	0.7699	0.0119	0.3061	93.0
3	135877898.0	136267129.0	0	0	nan	178.0
3	136267129.0	137045592.0	0.1939	0.1846	0.1461	255.0
3	136267129.0	136656361.0	0.6399	6.7402e-05	0.1606	182.0
3	136656361.0	137045592.0	-0.4315	0.0993	0.2618	73.0
3	137045592.0	149501005.0	0	0	nan	3461.0
3	149501005.0	199322659	0	0	nan	13093.0
4	59713	191184445	1.146	0.3402	1.2016	49950.0
4	59713	95622079.0	0	0	nan	25490.0
4	95622079.0	191184445	0.863	0.3744	0.9716	24460.0
4	95622079.0	143403262.0	0	0	nan	12509.0
4	143403262.0	191184445	0	0	nan	11951.0
5	89344	179998061	0.2501	0.2501	0.2175	52674.0
5	89344	90043702.0	-0.2236	0.5986	0.4247	25433.0
5	89344	45066523.0	0	0	nan	13371.0
5	45066523.0	90043702.0	0.1026	0.7615	0.3382	12062.0
5	45066523.0	67555113.0	0	0	nan	6163.0
5	67555113.0	90043702.0	0	0	nan	5899.0
5	90043702.0	179998061	0.5274	0.047	0.2655	27241.0
5	90043702.0	135020882.0	1.2546	0.0964	0.7546	13195.0
5	90043702.0	112532292.0	0	0	nan	6070.0
5	112532292.0	135020882.0	0.5365	0.132	0.3562	7125.0
5	112532292.0	123776587.0	0	0	nan	3724.0
5	123776587.0	135020882.0	0.3478	0.1013	0.2123	3401.0
5	123776587.0	129398735.0	0.0391	0.8416	0.1959	1791.0
5	123776587.0	126587661.0	0.5243	0.1485	0.3629	889.0
5	123776587.0	125182124.0	-0.1056	0.8462	0.5444	475.0
5	123776587.0	124479356.0	0	0	nan	224.0
5	124479356.0	125182124.0	1.1444	0.323	1.158	251.0
5	124479356.0	124830740.0	0.8595	0.7116	2.3248	119.0
5	124830740.0	125182124.0	0.2123	0.3595	0.2317	132.0
5	125182124.0	126587661.0	1.2038	0.0034	0.4105	414.0
5	125182124.0	125884893.0	0.7297	0.0856	0.4245	264.0
5	125182124.0	125533509.0	1.1816	0.0151	0.4862	156.0
5	125533509.0	125884893.0	1.7008	0.0002	0.4491	108.0
5	125884893.0	126587661.0	0	0	nan	150.0
5	126587661.0	129398735.0	-0.3601	0.3874	0.4166	902.0
5	126587661.0	127993198.0	0	0	nan	438.0
5	127993198.0	129398735.0	-0.4651	0.1907	0.3554	464.0
5	127993198.0	128695967.0	0	0	nan	275.0
5	128695967.0	129398735.0	0	0	nan	189.0
5	129398735.0	135020882.0	1.1175	0.002	0.362	1610.0
5	129398735.0	132209809.0	2.0509	0.1893	1.5624	722.0
5	129398735.0	130804272.0	0	0	nan	283.0
5	130804272.0	132209809.0	0.1107	0.7292	0.3197	439.0
5	130804272.0	131507041.0	1.1054	0.0004	0.3098	171.0
5	130804272.0	131155657.0	0	0	nan	64.0
5	131155657.0	131507041.0	0.7543	0.0789	0.4292	107.0
5	131507041.0	132209809.0	0	0	nan	268.0
5	132209809.0	135020882.0	-0.1293	0.6874	0.3215	888.0
5	132209809.0	133615346.0	-0.4044	0.0796	0.2307	538.0
5	132209809.0	132912578.0	1.1568	0.1103	0.7246	203.0
5	132209809.0	132561194.0	0	0	nan	80.0
5	132561194.0	132912578.0	0.3376	0.623	0.6866	123.0
5	132912578.0	133615346.0	-0.9407	1.0348e-05	0.2133	335.0
5	132912578.0	133263962.0	0	0	nan	254.0
5	133263962.0	133615346.0	0	0	nan	81.0
5	133615346.0	135020882.0	0	0	nan	350.0
5	135020882.0	179998061	0.2346	0.4861	0.3368	14046.0
5	135020882.0	157509472.0	0.2663	0.5036	0.3982	7393.0
5	135020882.0	146265177.0	0	0	nan	3462.0
5	146265177.0	157509472.0	0.6442	0.054	0.3343	3931.0
5	146265177.0	151887325.0	1.2029	0.4309	1.5271	1893.0
5	146265177.0	149076251.0	0.6052	0.2636	0.5413	848.0
5	146265177.0	147670714.0	0.0852	0.7347	0.2514	379.0
5	146265177.0	146967946.0	0	0	nan	149.0
5	146967946.0	147670714.0	0	0	nan	230.0
5	147670714.0	149076251.0	0	0	nan	469.0
5	149076251.0	151887325.0	0	0	nan	1045.0
5	151887325.0	157509472.0	1.4151	0.5887	2.6172	2038.0
5	151887325.0	154698399.0	0.5805	0.2331	0.4868	972.0
5	151887325.0	153292862.0	0	0	nan	507.0
5	153292862.0	154698399.0	1.4426	0.1165	0.9192	465.0
5	153292862.0	153995631.0	1.7289	0.0036	0.5941	253.0
5	153292862.0	153644247.0	0.9924	0.0001	0.2571	139.0
5	153644247.0	153995631.0	0	0	nan	114.0
5	153995631.0	154698399.0	0	0	nan	212.0
5	154698399.0	157509472.0	0	0	nan	1066.0
5	157509472.0	179998061	0	0	nan	6653.0
6	94609	169999770	0.1516	0.5394	0.247	49415.0
6	94609	85047189.0	-0.0397	0.9131	0.364	23622.0
6	94609	42570899.0	0.0677	0.8356	0.3263	11926.0
6	94609	21332754.0	-0.0612	0.7868	0.2264	7770.0
6	94609	10713682.0	-0.1166	0.7733	0.4047	3985.0
6	94609	5404146.0	0	0	nan	2009.0
6	5404146.0	10713682.0	0	0	nan	1976.0
6	10713682.0	21332754.0	-0.0872	0.5995	0.1661	3785.0
6	10713682.0	16023218.0	-0.0818	0.4411	0.1061	1952.0
6	10713682.0	13368450.0	-0.1375	0.1621	0.0984	980.0
6	10713682.0	12041066.0	-0.0963	0.6803	0.2338	495.0
6	10713682.0	11377374.0	0	0	nan	200.0
6	11377374.0	12041066.0	0.3253	0.2691	0.2943	295.0
6	11377374.0	11709220.0	0.7441	0.0605	0.3964	133.0
6	11709220.0	12041066.0	0.0364	0.8418	0.1823	162.0
6	12041066.0	13368450.0	-0.2311	0.0025	0.0763	485.0
6	12041066.0	12704758.0	-0.2227	0.1733	0.1635	274.0
6	12041066.0	12372912.0	0	0	nan	158.0
6	12372912.0	12704758.0	-0.2818	0.1459	0.1938	116.0
6	12704758.0	13368450.0	-0.1011	0.6648	0.2333	211.0
6	12704758.0	13036604.0	0	0	nan	96.0
6	13036604.0	13368450.0	0	0	nan	115.0
6	13368450.0	16023218.0	0.119	0.6468	0.2597	972.0
6	13368450.0	14695834.0	0	0	nan	479.0
6	14695834.0	16023218.0	-0.0777	0.5768	0.1392	493.0
6	14695834.0	15359526.0	0	0	nan	202.0
6	15359526.0	16023218.0	-0.0299	0.7356	0.0884	291.0
6	15359526.0	15691372.0	0.2982	0.6817	0.727	133.0
6	15691372.0	16023218.0	0	0	nan	158.0
6	16023218.0	21332754.0	-0.4603	0.6398	0.9834	1833.0
6	16023218.0	18677986.0	-0.2198	0.6332	0.4607	866.0
6	16023218.0	17350602.0	0	0	nan	443.0
6	17350602.0	18677986.0	0	0	nan	423.0
6	18677986.0	21332754.0	0	0	nan	967.0
6	21332754.0	42570899.0	0	0	nan	4156.0
6	42570899.0	85047189.0	0	0	nan	11696.0
6	85047189.0	169999770	0.3409	0.3741	0.3835	25793.0
6	85047189.0	127523480.0	0.2312	0.5509	0.3877	12126.0
6	85047189.0	106285335.0	0.1032	0.7872	0.3823	5951.0
6	85047189.0	95666262.0	0.7508	0.0675	0.4106	3200.0
6	85047189.0	90356726.0	0.3235	0.3605	0.3538	1710.0
6	85047189.0	87701958.0	1.3322	0.0538	0.691	873.0
6	85047189.0	86374574.0	0	0	nan	547.0
6	86374574.0	87701958.0	0.0947	0.5688	0.1662	326.0
6	86374574.0	87038266.0	0.9558	0.0018	0.3054	136.0
6	86374574.0	86706420.0	0.894	0.0077	0.3355	69.0
6	86706420.0	87038266.0	0.8016	0.2116	0.6417	67.0
6	87038266.0	87701958.0	-0.3103	0.1004	0.1889	190.0
6	87038266.0	87370112.0	-0.4359	0.587	0.8025	103.0
6	87370112.0	87701958.0	0.336	0.007	0.1246	87.0
6	87701958.0	90356726.0	-0.5305	0.0721	0.295	837.0
6	87701958.0	89029342.0	0	0	nan	417.0
6	89029342.0	90356726.0	-0.9616	0.0331	0.4512	420.0
6	89029342.0	89693034.0	0	0	nan	201.0
6	89693034.0	90356726.0	0	0	nan	219.0
6	90356726.0	95666262.0	0	0	nan	1490.0
6	95666262.0	106285335.0	0	0	nan	2751.0
6	106285335.0	127523480.0	0.3132	0.6468	0.6835	6175.0
6	106285335.0	116904408.0	0.4422	0.4694	0.6113	3227.0
6	106285335.0	111594872.0	0	0	nan	1641.0
6	111594872.0	116904408.0	0.5867	0.0347	0.2779	1586.0
6	111594872.0	114249640.0	-0.0014	0.9965	0.322	862.0
6	114249640.0	116904408.0	1.4016	0.0654	0.7606	724.0
6	114249640.0	115577024.0	0	0	nan	335.0
6	115577024.0	116904408.0	0.4274	0.1471	0.2947	389.0
6	115577024.0	116240716.0	1.2131	0.0182	0.5136	182.0
6	115577024.0	115908870.0	2.2455	0.3601	2.4537	54.0
6	115908870.0	116240716.0	2.2322	0.3804	2.5451	128.0
6	116240716.0	116904408.0	0	0	nan	207.0
6	116904408.0	127523480.0	0	0	nan	2948.0
6	127523480.0	169999770	0.6503	0.4576	0.8755	13667.0
6	127523480.0	148761625.0	0	0	nan	5877.0
6	148761625.0	169999770	0.6967	0.5747	1.2417	7790.0
6	148761625.0	159380698.0	0.8643	0.3867	0.9984	3620.0
6	148761625.0	154071162.0	0.8139	0.2055	0.6429	1931.0
6	148761625.0	151416394.0	0.3007	0.3041	0.2926	1001.0
6	148761625.0	150089010.0	0.2182	0.4725	0.3037	488.0
6	148761625.0	149425318.0	-0.5168	0.4187	0.6391	253.0
6	148761625.0	149093472.0	-0.4468	0.5464	0.7408	134.0
6	149093472.0	149425318.0	0	0	nan	119.0
6	149425318.0	150089010.0	-0.4292	0.421	0.5334	235.0
6	149425318.0	149757164.0	-1.5453	0.5215	2.411	141.0
6	149757164.0	150089010.0	0	0	nan	94.0
6	150089010.0	151416394.0	0	0	nan	513.0
6	151416394.0	154071162.0	2.0984	0.8336	9.9871	930.0
6	151416394.0	152743778.0	0	0	nan	428.0
6	152743778.0	154071162.0	0	0	nan	502.0
6	154071162.0	159380698.0	0	0	nan	1689.0
6	159380698.0	169999770	0	0	nan	4170.0
7	140018	158812247	-0.3342	0.287	0.3139	42932.0
7	140018	79476132.0	-0.7348	0.1057	0.4542	22599.0
7	140018	39808075.0	-0.1809	0.8428	0.9122	13445.0
7	140018	19974047.0	0	0	nan	5934.0
7	19974047.0	39808075.0	-0.1949	0.7073	0.5192	7511.0
7	19974047.0	29891061.0	-0.1383	0.7609	0.4545	3920.0
7	19974047.0	24932554.0	0.521	0.1732	0.3825	1968.0
7	19974047.0	22453301.0	-1.3813	0.541	2.2594	982.0
7	19974047.0	21213674.0	0	0	nan	413.0
7	21213674.0	22453301.0	-0.4578	0.5049	0.6865	569.0
7	21213674.0	21833488.0	0.7712	0.1783	0.5729	287.0
7	21213674.0	21523581.0	0	0	nan	132.0
7	21523581.0	21833488.0	0	0	nan	155.0
7	21833488.0	22453301.0	0	0	nan	282.0
7	22453301.0	24932554.0	1.8481	0.2851	1.7287	986.0
7	22453301.0	23692928.0	0	0	nan	374.0
7	23692928.0	24932554.0	1.4882	0.0328	0.6972	612.0
7	23692928.0	24312741.0	0.3613	0.2549	0.3173	324.0
7	23692928.0	24002835.0	0	0	nan	138.0
7	24002835.0	24312741.0	1.0612	0.0002	0.2869	186.0
7	24312741.0	24932554.0	2.673	0.0572	1.4054	288.0
7	24312741.0	24622648.0	4.4916	0.3959	5.2903	150.0
7	24622648.0	24932554.0	1.0319	0.0003	0.2885	138.0
7	24932554.0	29891061.0	-4.7255	0.5851	8.6547	1952.0
7	24932554.0	27411808.0	-1.9538	0.0672	1.0674	914.0
7	24932554.0	26172181.0	-0.7635	0.0846	0.4427	500.0
7	24932554.0	25552368.0	-0.3541	0.4405	0.459	289.0
7	24932554.0	25242461.0	0.3562	0.5848	0.6519	129.0
7	25242461.0	25552368.0	0	0	nan	160.0
7	25552368.0	26172181.0	0	0	nan	211.0
7	26172181.0	27411808.0	0	0	nan	414.0
7	27411808.0	29891061.0	0	0	nan	1038.0
7	29891061.0	39808075.0	-0.4497	0.7765	1.584	3591.0
7	29891061.0	34849568.0	0	0	nan	1712.0
7	34849568.0	39808075.0	-0.7474	0.3096	0.7356	1879.0
7	34849568.0	37328822.0	0	0	nan	875.0
7	37328822.0	39808075.0	0	0	nan	1004.0
7	39808075.0	79476132.0	-1.2997	0.1716	0.9506	9154.0
7	39808075.0	59642104.0	0	0	nan	5584.0
7	59642104.0	79476132.0	0	0	nan	3570.0
7	79476132.0	158812247	0.0115	0.9764	0.3889	20333.0
7	79476132.0	119144190.0	0.2204	0.3343	0.2283	10187.0
7	79476132.0	99310161.0	0.5737	0.0866	0.3348	5300.0
7	79476132.0	89393147.0	0.4579	0.0098	0.1772	2686.0
7	79476132.0	84434640.0	0.9896	0.0006	0.2892	1291.0
7	79476132.0	81955386.0	0	0	nan	593.0
7	81955386.0	84434640.0	0.7102	4.5807e-10	0.114	698.0
7	81955386.0	83195013.0	0.5972	5.2735e-07	0.1191	397.0
7	81955386.0	82575200.0	0	0	nan	168.0
7	82575200.0	83195013.0	0.7435	0.0171	0.3118	229.0
7	82575200.0	82885107.0	0.791	0.0043	0.2773	116.0
7	82885107.0	83195013.0	0	0	nan	113.0
7	83195013.0	84434640.0	0	0	nan	301.0
7	84434640.0	89393147.0	-0.0287	0.931	0.3317	1395.0
7	84434640.0	86913894.0	0	0	nan	670.0
7	86913894.0	89393147.0	0	0	nan	725.0
7	89393147.0	99310161.0	0	0	nan	2614.0
7	99310161.0	119144190.0	-0.1024	0.7347	0.3023	4887.0
7	99310161.0	109227176.0	-0.3954	0.3114	0.3906	2647.0
7	99310161.0	104268669.0	0	0	nan	1180.0
7	104268669.0	109227176.0	0	0	nan	1467.0
7	109227176.0	119144190.0	-0.141	0.7183	0.3909	2240.0
7	109227176.0	114185683.0	0.1705	0.4458	0.2236	1168.0
7	109227176.0	111706430.0	0.0696	0.733	0.204	618.0
7	109227176.0	110466803.0	-0.5898	0.0225	0.2584	321.0
7	109227176.0	109846990.0	-3.201	0.2734	2.9224	134.0
7	109227176.0	109537083.0	0	0	nan	49.0
7	109537083.0	109846990.0	-1.7926	0.0235	0.7914	85.0
7	109846990.0	110466803.0	-0.0604	0.6998	0.1567	187.0
7	109846990.0	110156897.0	0	0	nan	103.0
7	110156897.0	110466803.0	0.9527	0.0059	0.3459	84.0
7	110466803.0	111706430.0	0.8732	0.0043	0.3061	297.0
7	110466803.0	111086617.0	0.4578	1.2166e-05	0.1046	154.0
7	110466803.0	110776710.0	0	0	nan	91.0
7	110776710.0	111086617.0	0.371	0.1305	0.2454	63.0
7	111086617.0	111706430.0	0.543	0.5738	0.9653	143.0
7	111086617.0	111396524.0	2.2001	0.1722	1.6117	61.0
7	111396524.0	111706430.0	-3.5977	0.4	4.2749	82.0
7	111706430.0	114185683.0	0	0	nan	550.0
7	114185683.0	119144190.0	0	0	nan	1072.0
7	119144190.0	158812247	0	0	nan	10146.0
8	151222	146264218	0.4361	0.0623	0.2339	44570.0
8	151222	73207720.0	0.1485	0.5821	0.2698	22649.0
8	151222	36679471.0	-0.0535	0.8527	0.2881	14032.0
8	151222	18415347.0	-0.5897	0.053	0.3048	8074.0
8	151222	9283285.0	0	0	nan	4040.0
8	9283285.0	18415347.0	-0.6622	0.2936	0.6305	4034.0
8	9283285.0	13849316.0	-1.7776	0.0997	1.0797	1842.0
8	9283285.0	11566301.0	-2.4876	0.1425	1.6963	1046.0
8	9283285.0	10424793.0	0	0	nan	593.0
8	10424793.0	11566301.0	-1.2182	0.0003	0.3341	453.0
8	10424793.0	10995547.0	0	0	nan	225.0
8	10995547.0	11566301.0	0	0	nan	228.0
8	11566301.0	13849316.0	0	0	nan	796.0
8	13849316.0	18415347.0	0	0	nan	2192.0
8	18415347.0	36679471.0	0	0	nan	5958.0
8	36679471.0	73207720.0	0.5993	0.2488	0.5196	8617.0
8	36679471.0	54943596.0	0	0	nan	3364.0
8	54943596.0	73207720.0	0	0	nan	5253.0
8	73207720.0	146264218	0.8653	0.1804	0.646	21921.0
8	73207720.0	109735969.0	0.6804	0.4127	0.8306	10573.0
8	73207720.0	91471845.0	0.6843	0.0077	0.2566	5060.0
8	73207720.0	82339783.0	2.2903	0.319	2.2983	2694.0
8	73207720.0	77773752.0	0.9446	0.0008	0.2828	1417.0
8	73207720.0	75490736.0	0.8077	0.0027	0.2693	821.0
8	73207720.0	74349228.0	-0.4977	0.3684	0.5534	438.0
8	73207720.0	73778474.0	-0.4425	0.3059	0.4322	196.0
8	73207720.0	73493097.0	-0.6214	0.5989	1.1815	91.0
8	73493097.0	73778474.0	0	0	nan	105.0
8	73778474.0	74349228.0	0	0	nan	242.0
8	74349228.0	75490736.0	1.224	0.0224	0.536	383.0
8	74349228.0	74919982.0	1.4529	0.0007	0.4281	208.0
8	74349228.0	74634605.0	0	0	nan	146.0
8	74634605.0	74919982.0	0.9698	5.8165e-117	0.0422	62.0
8	74919982.0	75490736.0	2.8494	0.2631	2.5464	175.0
8	74919982.0	75205359.0	0	0	nan	49.0
8	75205359.0	75490736.0	0	0	nan	126.0
8	75490736.0	77773752.0	0.7942	0.0064	0.2915	596.0
8	75490736.0	76632244.0	0	0	nan	307.0
8	76632244.0	77773752.0	0.1721	0.6409	0.3689	289.0
8	76632244.0	77202998.0	0.4407	1.2993e-08	0.0775	153.0
8	76632244.0	76917621.0	0.3377	9.5508e-05	0.0866	102.0
8	76917621.0	77202998.0	0.713	3.6842e-06	0.154	51.0
8	77202998.0	77773752.0	0	0	nan	136.0
8	77773752.0	82339783.0	0	0	nan	1277.0
8	82339783.0	91471845.0	0.6248	0.1721	0.4575	2366.0
8	82339783.0	86905814.0	0	0	nan	1072.0
8	86905814.0	91471845.0	0	0	nan	1294.0
8	91471845.0	109735969.0	0	0	nan	5513.0
8	109735969.0	146264218	0.9185	0.116	0.5843	11348.0
8	109735969.0	128000094.0	1.9817	0.0237	0.8763	5217.0
8	109735969.0	118868032.0	2.1011	0.0348	0.9953	2251.0
8	109735969.0	114302001.0	0	0	nan	1052.0
8	114302001.0	118868032.0	1.4143	0.0551	0.7373	1199.0
8	114302001.0	116585017.0	0.8659	4.183e-08	0.1579	619.0
8	114302001.0	115443509.0	0.55	0.0019	0.1775	360.0
8	114302001.0	114872755.0	3.6605	0.3097	3.6037	152.0
8	114302001.0	114587378.0	0	0	nan	54.0
8	114587378.0	114872755.0	0.7416	0.0056	0.2676	98.0
8	114872755.0	115443509.0	0.3554	0.1048	0.2191	208.0
8	114872755.0	115158132.0	0.2505	0.5607	0.4305	131.0
8	115158132.0	115443509.0	0.9104	5.0206e-66	0.053	77.0
8	115443509.0	116585017.0	0.8422	2.0697e-05	0.1978	259.0
8	115443509.0	116014263.0	0.8746	7.8655e-06	0.1957	160.0
8	115443509.0	115728886.0	0.8595	6.3315e-13	0.1195	70.0
8	115728886.0	116014263.0	0.9683	0.1473	0.6681	90.0
8	116014263.0	116585017.0	0	0	nan	99.0
8	116585017.0	118868032.0	0	0	nan	580.0
8	118868032.0	128000094.0	0	0	nan	2966.0
8	128000094.0	146264218	-1.3674	0.3946	1.6061	6131.0
8	128000094.0	137132156.0	0	0	nan	3625.0
8	137132156.0	146264218	-0.1036	0.887	0.7287	2506.0
8	137132156.0	141698187.0	0	0	nan	1776.0
8	141698187.0	146264218	0.5084	0.0722	0.2828	730.0
8	141698187.0	143981203.0	0.7674	0.0002	0.2035	522.0
8	141698187.0	142839695.0	-0.6585	0.0009	0.1989	241.0
8	141698187.0	142268941.0	-0.8972	4.0603e-13	0.1237	128.0
8	141698187.0	141983564.0	-1.1884	1.0425e-13	0.1598	63.0
8	141983564.0	142268941.0	-0.5206	0.0468	0.2619	65.0
8	142268941.0	142839695.0	0	0	nan	113.0
8	142839695.0	143981203.0	0.6945	3.25e-10	0.1105	281.0
8	142839695.0	143410449.0	1.0947	0.0157	0.453	119.0
8	142839695.0	143125072.0	0	0	nan	63.0
8	143125072.0	143410449.0	0.9037	2.9941e-05	0.2165	56.0
8	143410449.0	143981203.0	0	0	nan	162.0
8	143981203.0	146264218	0	0	nan	208.0
9	30910	139999801	0.4557	0.195	0.3516	35920.0
9	30910	70015355.0	0.8954	0.1554	0.6303	13977.0
9	30910	35023133.0	1.0724	0.2701	0.9725	12895.0
9	30910	17527022.0	0	0	nan	7257.0
9	17527022.0	35023133.0	0.6382	0.3668	0.7071	5638.0
9	17527022.0	26275078.0	0	0	nan	2733.0
9	26275078.0	35023133.0	0.5526	0.2775	0.5088	2905.0
9	26275078.0	30649106.0	2.0816	0.4709	2.8868	1628.0
9	26275078.0	28462092.0	0.5073	0.0478	0.2564	901.0
9	26275078.0	27368585.0	1.7746	0.0059	0.6441	492.0
9	26275078.0	26821832.0	0	0	nan	237.0
9	26821832.0	27368585.0	1.7476	0.0378	0.8416	255.0
9	26821832.0	27095209.0	0.8305	0.002	0.2681	69.0
9	27095209.0	27368585.0	0	0	nan	186.0
9	27368585.0	28462092.0	-0.4095	0.4157	0.5031	409.0
9	27368585.0	27915339.0	-0.4405	0.1442	0.3016	211.0
9	27368585.0	27641962.0	0	0	nan	114.0
9	27641962.0	27915339.0	0	0	nan	97.0
9	27915339.0	28462092.0	-0.5309	0.4849	0.7602	198.0
9	27915339.0	28188716.0	-0.6712	0.4772	0.9444	116.0
9	28188716.0	28462092.0	0	0	nan	82.0
9	28462092.0	30649106.0	0	0	nan	727.0
9	30649106.0	35023133.0	-0.2803	0.5148	0.4304	1277.0
9	30649106.0	32836120.0	0	0	nan	674.0
9	32836120.0	35023133.0	0.0788	0.7916	0.2984	603.0
9	32836120.0	33929627.0	-0.1175	0.5951	0.2211	306.0
9	32836120.0	33382874.0	0	0	nan	193.0
9	33382874.0	33929627.0	-0.1554	0.7313	0.4524	113.0
9	33382874.0	33656251.0	0	0	nan	37.0
9	33656251.0	33929627.0	-1.2578	0.1151	0.7983	76.0
9	33929627.0	35023133.0	0	0	nan	297.0
9	35023133.0	70015355.0	0.2859	0.8681	1.7211	1082.0
9	35023133.0	52519244.0	0.2859	0.8681	1.7211	1082.0
9	35023133.0	43771189.0	0.177	0.8583	0.9916	1080.0
9	35023133.0	39397161.0	0.177	0.8583	0.9916	1080.0
9	35023133.0	37210147.0	0	0	nan	622.0
9	37210147.0	39397161.0	-0.0188	0.9342	0.2277	458.0
9	37210147.0	38303654.0	-0.1491	0.2736	0.1362	314.0
9	37210147.0	37756901.0	-0.0188	0.9622	0.3974	151.0
9	37210147.0	37483524.0	0	0	nan	58.0
9	37483524.0	37756901.0	-0.9234	0.0887	0.5424	93.0
9	37756901.0	38303654.0	-0.3024	0.0198	0.1298	163.0
9	37756901.0	38030278.0	0	0	nan	96.0
9	38030278.0	38303654.0	0	0	nan	67.0
9	38303654.0	39397161.0	0	0	nan	144.0
9	39397161.0	43771189.0	0	0	1	nan
9	43771189.0	52519244.0	0	0	nan	2.0
9	52519244.0	70015355.0	0	0	1	nan
9	70015355.0	139999801	0.2709	0.7824	0.981	21943.0
9	70015355.0	105007578.0	0	0	nan	11624.0
9	105007578.0	139999801	0.0645	0.9108	0.5761	10319.0
9	105007578.0	122503690.0	0	0	nan	6842.0
9	122503690.0	139999801	0.0988	0.7367	0.2939	3477.0
9	122503690.0	131251746.0	0.102	0.7947	0.3922	2007.0
9	122503690.0	126877718.0	0	0	nan	1117.0
9	126877718.0	131251746.0	0.792	0.0038	0.2735	890.0
9	126877718.0	129064732.0	0.2923	0.3506	0.3132	558.0
9	126877718.0	127971225.0	0.2063	0.1122	0.1299	276.0
9	126877718.0	127424472.0	0.137	0.7636	0.4555	144.0
9	126877718.0	127151095.0	0	0	nan	63.0
9	127151095.0	127424472.0	-0.5677	0.1761	0.4196	81.0
9	127424472.0	127971225.0	-0.0619	0.6173	0.1238	132.0
9	127424472.0	127697849.0	-0.6568	0.002	0.2124	42.0
9	127697849.0	127971225.0	-0.0109	0.9326	0.1285	90.0
9	127971225.0	129064732.0	0	0	nan	282.0
9	129064732.0	131251746.0	1.1158	0.0119	0.4437	332.0
9	129064732.0	130158239.0	0.6044	1.9238e-11	0.09	178.0
9	129064732.0	129611486.0	0.8667	2.6567e-10	0.1372	141.0
9	129064732.0	129338109.0	0.8585	1.1208e-08	0.1503	105.0
9	129338109.0	129611486.0	0	0	nan	36.0
9	129611486.0	130158239.0	0	0	nan	37.0
9	130158239.0	131251746.0	1.9312	0.1633	1.3854	154.0
9	130158239.0	130704993.0	0.9014	0.0004	0.2546	87.0
9	130158239.0	130431616.0	0.8455	3.1619e-07	0.1653	38.0
9	130431616.0	130704993.0	0	0	nan	49.0
9	130704993.0	131251746.0	0	0	nan	67.0
9	131251746.0	139999801	-1.5944	0.6497	3.5106	1470.0
9	131251746.0	135625774.0	0	0	nan	963.0
9	135625774.0	139999801	0	0	nan	507.0
10	88481	135284978	0.121	0.685	0.2982	43873.0
10	88481	67686729.0	-0.312	0.3192	0.3132	21458.0
10	88481	33887605.0	0.0376	0.9359	0.4679	12644.0
10	88481	16988043.0	0	0	nan	6773.0
10	16988043.0	33887605.0	0.3883	0.5606	0.6672	5871.0
10	16988043.0	25437824.0	0	0	nan	2734.0
10	25437824.0	33887605.0	0	0	nan	3137.0
10	33887605.0	67686729.0	-0.3573	0.3032	0.347	8814.0
10	33887605.0	50787167.0	-0.5678	0.1624	0.4064	3321.0
10	33887605.0	42337386.0	-2.1092	0.3336	2.1816	1393.0
10	33887605.0	38112496.0	-0.655	0.2173	0.5309	1177.0
10	33887605.0	36000051.0	-0.6912	0.1926	0.5305	559.0
10	33887605.0	34943828.0	0	0	nan	297.0
10	34943828.0	36000051.0	-1.3224	0.0081	0.4995	262.0
10	34943828.0	35471940.0	-1.3533	0.0005	0.3897	167.0
10	34943828.0	35207884.0	0	0	nan	96.0
10	35207884.0	35471940.0	-0.7358	2.9497e-05	0.1761	71.0
10	35471940.0	36000051.0	-0.0443	0.8663	0.2632	95.0
10	35471940.0	35735996.0	-0.3075	0.1605	0.2191	45.0
10	35735996.0	36000051.0	0.9599	2.3128e-52	0.063	50.0
10	36000051.0	38112496.0	-1.0293	0.4708	1.4272	618.0
10	36000051.0	37056274.0	0	0	nan	345.0
10	37056274.0	38112496.0	0	0	nan	273.0
10	38112496.0	42337386.0	0	0	nan	216.0
10	42337386.0	50787167.0	-0.0556	0.9158	0.5258	1928.0
10	42337386.0	46562277.0	0	0	nan	1113.0
10	46562277.0	50787167.0	1.1298	0.0704	0.6244	815.0
10	46562277.0	48674722.0	0	0	nan	98.0
10	48674722.0	50787167.0	0.6746	0.2278	0.5593	717.0
10	48674722.0	49730945.0	0.566	0.0069	0.2097	299.0
10	48674722.0	49202834.0	0	0	nan	52.0
10	49202834.0	49730945.0	0.6855	0.0165	0.286	247.0
10	49202834.0	49466890.0	0.4544	0.0364	0.2171	128.0
10	49466890.0	49730945.0	2.268	0.1347	1.5163	119.0
10	49730945.0	50787167.0	1.8504	0.6592	4.1952	418.0
10	49730945.0	50259056.0	1.2355	0.2822	1.1488	252.0
10	49730945.0	49995001.0	0.9156	0.0163	0.3812	145.0
10	49995001.0	50259056.0	0	0	nan	107.0
10	50259056.0	50787167.0	0	0	nan	166.0
10	50787167.0	67686729.0	-0.0445	0.9062	0.3777	5493.0
10	50787167.0	59236948.0	-0.2263	0.6357	0.4777	2615.0
10	50787167.0	55012058.0	0	0	nan	1223.0
10	55012058.0	59236948.0	0	0	nan	1392.0
10	59236948.0	67686729.0	0.2364	0.6567	0.5317	2878.0
10	59236948.0	63461839.0	-0.7736	0.5289	1.2284	1418.0
10	59236948.0	61349394.0	0	0	nan	691.0
10	61349394.0	63461839.0	0	0	nan	727.0
10	63461839.0	67686729.0	1.1537	0.1499	0.8012	1460.0
10	63461839.0	65574284.0	0	0	nan	752.0
10	65574284.0	67686729.0	1.0794	0.0054	0.3882	708.0
10	65574284.0	66630507.0	0.2672	0.4761	0.3749	250.0
10	65574284.0	66102396.0	0.1682	0.4651	0.2303	44.0
10	65574284.0	65838340.0	0	0	nan	16.0
10	65838340.0	66102396.0	-0.3118	0.3703	0.3481	28.0
10	66102396.0	66630507.0	-0.3279	0.6254	0.6715	206.0
10	66102396.0	66366452.0	0	0	nan	103.0
10	66366452.0	66630507.0	2.6647	0.0217	1.1609	103.0
10	66630507.0	67686729.0	1.8682	0.1144	1.1832	458.0
10	66630507.0	67158618.0	0	0	nan	199.0
10	67158618.0	67686729.0	0.9601	0.0923	0.5703	259.0
10	67158618.0	67422674.0	0	0	nan	114.0
10	67422674.0	67686729.0	1.4295	0.7558	4.5973	145.0
10	67686729.0	135284978	0.4869	0.2485	0.4219	22415.0
10	67686729.0	101485854.0	0.0738	0.8894	0.5306	11357.0
10	67686729.0	84586292.0	0	0	nan	5517.0
10	84586292.0	101485854.0	0.8607	0.1134	0.5437	5840.0
10	84586292.0	93036073.0	0.6406	0.1233	0.4157	3007.0
10	84586292.0	88811183.0	0	0	nan	1614.0
10	88811183.0	93036073.0	0.1427	0.6405	0.3056	1393.0
10	88811183.0	90923628.0	1.1813	0.1039	0.7263	619.0
10	88811183.0	89867406.0	0	0	nan	204.0
10	89867406.0	90923628.0	0.9738	0.0459	0.4878	415.0
10	89867406.0	90395517.0	1.4216	0.2114	1.1377	168.0
10	89867406.0	90131462.0	2.9176	0.3683	3.2431	84.0
10	90131462.0	90395517.0	5.4448	0.3129	5.395	84.0
10	90395517.0	90923628.0	0	0	nan	247.0
10	90923628.0	93036073.0	-0.16	0.7211	0.4481	774.0
10	90923628.0	91979851.0	-0.0224	0.9421	0.308	378.0
10	90923628.0	91451740.0	-0.1172	0.7238	0.3316	185.0
10	90923628.0	91187684.0	-1.1135	0.1581	0.7888	86.0
10	91187684.0	91451740.0	0	0	nan	99.0
10	91451740.0	91979851.0	0.4317	0.394	0.5065	193.0
10	91451740.0	91715796.0	0.7863	0.1548	0.5526	92.0
10	91715796.0	91979851.0	0	0	nan	101.0
10	91979851.0	93036073.0	0	0	nan	396.0
10	93036073.0	101485854.0	0	0	nan	2833.0
10	101485854.0	135284978	0.5866	0.2312	0.4899	11058.0
10	101485854.0	118385416.0	0.9156	0.0556	0.4784	5317.0
10	101485854.0	109935635.0	0.51	0.0432	0.2522	2696.0
10	101485854.0	105710745.0	0.772	2.1769e-06	0.163	1182.0
10	101485854.0	103598300.0	0	0	nan	569.0
10	103598300.0	105710745.0	1.0166	1.0001e-10	0.1572	613.0
10	103598300.0	104654523.0	0.5592	2.9687e-15	0.0709	310.0
10	103598300.0	104126412.0	0	0	nan	113.0
10	104126412.0	104654523.0	0.7633	6.2445e-06	0.1689	197.0
10	104126412.0	104390468.0	0	0	nan	90.0
10	104390468.0	104654523.0	0.9324	1.617e-36	0.0739	107.0
10	104654523.0	105710745.0	0.846	1.0771e-06	0.1735	303.0
10	104654523.0	105182634.0	0.9913	1.3019e-16	0.1198	135.0
10	104654523.0	104918579.0	0.8589	2.6111e-105	0.0394	81.0
10	104918579.0	105182634.0	0.873	2.4291e-36	0.0693	54.0
10	105182634.0	105710745.0	1.3361	0.0181	0.5655	168.0
10	105182634.0	105446690.0	1.9606	0.3141	1.9476	82.0
10	105446690.0	105710745.0	0	0	nan	86.0
10	105710745.0	109935635.0	0	0	nan	1514.0
10	109935635.0	118385416.0	2.0339	0.2668	1.8316	2621.0
10	109935635.0	114160526.0	0	0	nan	1333.0
10	114160526.0	118385416.0	0.451	0.6548	1.0088	1288.0
10	114160526.0	116272971.0	2.9352	0.5843	5.3646	674.0
10	114160526.0	115216749.0	0	0	nan	267.0
10	115216749.0	116272971.0	1.4439	0.2801	1.3369	407.0
10	115216749.0	115744860.0	2.3548	0.3926	2.7541	258.0
10	115216749.0	115480805.0	3.5103	0.4125	4.2835	184.0
10	115480805.0	115744860.0	0	0	nan	74.0
10	115744860.0	116272971.0	0	0	nan	149.0
10	116272971.0	118385416.0	-0.2673	0.6883	0.6663	614.0
10	116272971.0	117329194.0	-0.8397	0.002	0.2716	269.0
10	116272971.0	116801083.0	-1.6104	0.0119	0.6403	185.0
10	116272971.0	116537027.0	-2.0772	0.0302	0.9582	120.0
10	116537027.0	116801083.0	-0.5544	0.0866	0.3236	65.0
10	116801083.0	117329194.0	0.0638	0.7552	0.2047	84.0
10	116801083.0	117065139.0	-0.2213	0.7534	0.7046	33.0
10	117065139.0	117329194.0	0.1409	0.5524	0.2371	51.0
10	117329194.0	118385416.0	0	0	nan	345.0
10	118385416.0	135284978	0	0	nan	5741.0
11	188510	134445626	0.6414	0.0631	0.3452	41171.0
11	188510	67317068.0	0	0	nan	19071.0
11	67317068.0	134445626	0.335	0.2803	0.3103	22100.0
11	67317068.0	100881347.0	0.5492	0.0723	0.3056	10515.0
11	67317068.0	84099208.0	0.36	0.3923	0.4207	4802.0
11	67317068.0	75708138.0	0.3743	0.5005	0.5556	1953.0
11	67317068.0	71512603.0	-0.3254	0.2438	0.2792	898.0
11	67317068.0	69414836.0	-0.4589	0.1387	0.3099	444.0
11	67317068.0	68365952.0	0	0	nan	176.0
11	68365952.0	69414836.0	0	0	nan	268.0
11	69414836.0	71512603.0	0	0	nan	454.0
11	71512603.0	75708138.0	0	0	nan	1055.0
11	75708138.0	84099208.0	0.3619	0.4537	0.483	2849.0
11	75708138.0	79903673.0	-1.7861	0.2041	1.4064	1337.0
11	75708138.0	77805906.0	0	0	nan	578.0
11	77805906.0	79903673.0	-1.089	0.1913	0.8333	759.0
11	77805906.0	78854790.0	0	0	nan	429.0
11	78854790.0	79903673.0	-0.7189	0.1052	0.4438	330.0
11	78854790.0	79379232.0	1.0044	0.127	0.6581	154.0
11	78854790.0	79117011.0	0.7734	0.0003	0.213	110.0
11	79117011.0	79379232.0	0	0	nan	44.0
11	79379232.0	79903673.0	-1.9461	0.1158	1.2376	176.0
11	79379232.0	79641453.0	-0.8941	2.1205e-09	0.1493	92.0
11	79641453.0	79903673.0	0	0	nan	84.0
11	79903673.0	84099208.0	1.6224	0.013	0.6531	1512.0
11	79903673.0	82001441.0	1.6804	0.0026	0.5587	808.0
11	79903673.0	80952557.0	0	0	nan	352.0
11	80952557.0	82001441.0	0.9863	0.0021	0.3213	456.0
11	80952557.0	81476999.0	1.301	0.0179	0.5497	271.0
11	80952557.0	81214778.0	0	0	nan	163.0
11	81214778.0	81476999.0	0	0	nan	108.0
11	81476999.0	82001441.0	0	0	nan	185.0
11	82001441.0	84099208.0	0	0	nan	704.0
11	84099208.0	100881347.0	1.0501	0.2121	0.8416	5713.0
11	84099208.0	92490278.0	0	0	nan	2698.0
11	92490278.0	100881347.0	0.7778	0.0675	0.4254	3015.0
11	92490278.0	96685813.0	0	0	nan	1391.0
11	96685813.0	100881347.0	2.0016	0.5346	3.2234	1624.0
11	96685813.0	98783580.0	0.4196	0.005	0.1496	759.0
11	96685813.0	97734697.0	0.4177	0.0039	0.1446	357.0
11	96685813.0	97210255.0	0	0	nan	156.0
11	97210255.0	97734697.0	-0.167	0.7283	0.4808	201.0
11	97210255.0	97472476.0	0	0	nan	119.0
11	97472476.0	97734697.0	-0.2812	0.845	1.4381	82.0
11	97734697.0	98783580.0	0.7081	0.0026	0.2349	402.0
11	97734697.0	98259139.0	0	0	nan	193.0
11	98259139.0	98783580.0	0.8442	0.0043	0.2954	209.0
11	98259139.0	98521360.0	0.7554	0.1517	0.5269	99.0
11	98521360.0	98783580.0	0.7759	9.6453e-10	0.1269	110.0
11	98783580.0	100881347.0	0	0	nan	865.0
11	100881347.0	134445626	0	0	nan	11585.0
12	61880	132288757	0.8271	0.1027	0.5069	39406.0
12	61880	66175318.0	1.2598	0.2602	1.1189	19531.0
12	61880	33118599.0	3.5074	0.7945	13.4662	10564.0
12	61880	16590240.0	0	0	nan	4707.0
12	16590240.0	33118599.0	1.5302	0.0612	0.8174	5857.0
12	16590240.0	24854420.0	0.3997	0.6068	0.7766	2587.0
12	16590240.0	20722330.0	-0.0339	0.9305	0.3886	1202.0
12	16590240.0	18656285.0	0.1696	0.51	0.2574	578.0
12	16590240.0	17623263.0	0.0785	0.8085	0.3238	267.0
12	16590240.0	17106752.0	-0.3482	0.0133	0.1406	92.0
12	16590240.0	16848496.0	-0.1924	0.4913	0.2796	57.0
12	16848496.0	17106752.0	0	0	nan	35.0
12	17106752.0	17623263.0	0	0	nan	175.0
12	17623263.0	18656285.0	0	0	nan	311.0
12	18656285.0	20722330.0	0	0	nan	624.0
12	20722330.0	24854420.0	0	0	nan	1385.0
12	24854420.0	33118599.0	3.5617	0.4109	4.3317	3270.0
12	24854420.0	28986510.0	0	0	nan	1593.0
12	28986510.0	33118599.0	0	0	nan	1677.0
12	33118599.0	66175318.0	0.7724	0.908	6.681	8967.0
12	33118599.0	49646959.0	0	0	nan	4257.0
12	49646959.0	66175318.0	0	0	nan	4710.0
12	66175318.0	132288757	0.6315	0.2225	0.5177	19875.0
12	66175318.0	99232038.0	0.9386	0.0018	0.3009	9781.0
12	66175318.0	82703678.0	0.4041	0.108	0.2514	4845.0
12	66175318.0	74439498.0	0.8475	0.0056	0.3058	2655.0
12	66175318.0	70307408.0	0.7973	0.0083	0.3022	1523.0
12	66175318.0	68241363.0	0.7453	0.063	0.4009	726.0
12	66175318.0	67208341.0	0.0384	0.9415	0.5233	418.0
12	66175318.0	66691830.0	0.0834	0.9416	1.1389	194.0
12	66175318.0	66433574.0	0	0	nan	78.0
12	66433574.0	66691830.0	0	0	nan	116.0
12	66691830.0	67208341.0	0.0197	0.976	0.6549	224.0
12	66691830.0	66950086.0	-1.3209	0.0848	0.7665	136.0
12	66950086.0	67208341.0	0	0	nan	88.0
12	67208341.0	68241363.0	1.3865	0.0023	0.4544	308.0
12	67208341.0	67724852.0	0	0	nan	135.0
12	67724852.0	68241363.0	1.0437	5.3517e-06	0.2294	173.0
12	67724852.0	67983108.0	0	0	nan	79.0
12	67983108.0	68241363.0	0	0	nan	94.0
12	68241363.0	70307408.0	0.6673	0.1341	0.4454	797.0
12	68241363.0	69274386.0	1.8918	0.0954	1.1345	473.0
12	68241363.0	68757875.0	1.0451	0.0038	0.3613	299.0
12	68241363.0	68499619.0	0.8984	3.3438e-06	0.1933	125.0
12	68499619.0	68757875.0	0	0	nan	174.0
12	68757875.0	69274386.0	0	0	nan	174.0
12	69274386.0	70307408.0	0	0	nan	324.0
12	70307408.0	74439498.0	1.0842	0.6453	2.3552	1132.0
12	70307408.0	72373453.0	0	0	nan	528.0
12	72373453.0	74439498.0	0.3846	0.2399	0.3273	604.0
12	72373453.0	73406476.0	0.0875	0.8033	0.3514	273.0
12	72373453.0	72889965.0	0	0	nan	107.0
12	72889965.0	73406476.0	-0.2179	0.2847	0.2037	166.0
12	72889965.0	73148221.0	0.9716	0.5759	1.7368	76.0
12	73148221.0	73406476.0	0	0	nan	90.0
12	73406476.0	74439498.0	0	0	nan	331.0
12	74439498.0	82703678.0	0	0	nan	2190.0
12	82703678.0	99232038.0	1.5129	0.0116	0.5993	4936.0
12	82703678.0	90967858.0	0	0	nan	2026.0
12	90967858.0	99232038.0	1.0499	0.0008	0.314	2910.0
12	90967858.0	95099948.0	0.6803	0.0159	0.2821	1523.0
12	90967858.0	93033903.0	0.5198	0.0544	0.2703	608.0
12	90967858.0	92000881.0	0	0	nan	369.0
12	92000881.0	93033903.0	0	0	nan	239.0
12	93033903.0	95099948.0	0.3184	0.4956	0.4672	915.0
12	93033903.0	94066926.0	3.0561	0.1439	2.0911	493.0
12	93033903.0	93550415.0	0	0	nan	230.0
12	93550415.0	94066926.0	0	0	nan	263.0
12	94066926.0	95099948.0	-0.9158	0.1067	0.5677	422.0
12	94066926.0	94583437.0	0	0	nan	201.0
12	94583437.0	95099948.0	-0.7403	0.0139	0.3008	221.0
12	94583437.0	94841693.0	0	0	nan	120.0
12	94841693.0	95099948.0	-0.7951	0.4782	1.1211	101.0
12	95099948.0	99232038.0	1.3829	0.0074	0.5162	1387.0
12	95099948.0	97165993.0	1.11	0.2724	1.0113	849.0
12	95099948.0	96132971.0	0	0	nan	414.0
12	96132971.0	97165993.0	0	0	nan	435.0
12	97165993.0	99232038.0	0	0	nan	538.0
12	99232038.0	132288757	0	0	nan	10094.0
13	18045562	114109501	0	0	nan	30554.0
14	19467207	106356482	1.0779	0.0172	0.4525	25860.0
14	19467207	62911844.0	1.054	0.0112	0.4154	12851.0
14	19467207	41189526.0	0.4753	0.1394	0.3216	5990.0
14	19467207	30328367.0	0	0	nan	2783.0
14	30328367.0	41189526.0	0.8644	0.0107	0.3387	3207.0
14	30328367.0	35758947.0	1.122	0.0085	0.4265	1607.0
14	30328367.0	33043657.0	0	0	nan	826.0
14	33043657.0	35758947.0	1.3823	0.038	0.6663	781.0
14	33043657.0	34401302.0	0	0	nan	389.0
14	34401302.0	35758947.0	2.2966	0.3552	2.4841	392.0
14	34401302.0	35080125.0	0	0	nan	206.0
14	35080125.0	35758947.0	0	0	nan	186.0
14	35758947.0	41189526.0	0.1264	0.7706	0.4334	1600.0
14	35758947.0	38474237.0	0	0	nan	812.0
14	38474237.0	41189526.0	0.6218	0.0539	0.3226	788.0
14	38474237.0	39831882.0	-0.0561	0.682	0.137	376.0
14	38474237.0	39153060.0	0	0	nan	214.0
14	39153060.0	39831882.0	0.2596	0.3297	0.2663	162.0
14	39153060.0	39492471.0	-0.4483	0.3039	0.4361	86.0
14	39492471.0	39831882.0	0.5244	0.2774	0.4829	76.0
14	39831882.0	41189526.0	1.5573	0.1173	0.9943	412.0
14	39831882.0	40510704.0	0	0	nan	236.0
14	40510704.0	41189526.0	0	0	nan	176.0
14	41189526.0	62911844.0	0	0	nan	6861.0
14	62911844.0	106356482	0	0	nan	13009.0
15	18294933	99999706	0	0	nan	22753.0
16	26671	88700197	0	0	nan	21331.0
17	3587	78653169	-0.5274	0.6075	1.0268	17559.0
17	3587	39328378.0	-0.3911	0.6397	0.8355	8738.0
17	3587	19665983.0	0	0	nan	4497.0
17	19665983.0	39328378.0	-0.0716	0.8195	0.3138	4241.0
17	19665983.0	29497181.0	0	0	nan	2115.0
17	29497181.0	39328378.0	-0.1316	0.6966	0.3374	2126.0
17	29497181.0	34412780.0	-0.2297	0.346	0.2438	1080.0
17	29497181.0	31954981.0	-1.282	0.1873	0.9723	688.0
17	29497181.0	30726081.0	0	0	nan	472.0
17	30726081.0	31954981.0	-1.3443	0.0059	0.4883	216.0
17	30726081.0	31340531.0	-0.9631	0.0022	0.3148	153.0
17	30726081.0	31033306.0	0	0	nan	80.0
17	31033306.0	31340531.0	-0.2644	0.5518	0.4443	73.0
17	31340531.0	31954981.0	0	0	nan	63.0
17	31954981.0	34412780.0	-0.2709	0.1153	0.172	392.0
17	31954981.0	33183881.0	-0.2761	0.0681	0.1513	281.0
17	31954981.0	32569431.0	0.2316	0.035	0.1099	162.0
17	31954981.0	32262206.0	0	0	nan	99.0
17	32262206.0	32569431.0	0.1087	0.6281	0.2245	63.0
17	32569431.0	33183881.0	-1.1251	0.0001	0.2933	119.0
17	32569431.0	32876656.0	-0.8777	5.6522e-11	0.1339	72.0
17	32876656.0	33183881.0	0	0	nan	47.0
17	33183881.0	34412780.0	0.2179	0.5801	0.3939	111.0
17	33183881.0	33798331.0	0	0	nan	34.0
17	33798331.0	34412780.0	0.3472	0.3798	0.3953	77.0
17	33798331.0	34105556.0	0	0	nan	44.0
17	34105556.0	34412780.0	0	0	nan	33.0
17	34412780.0	39328378.0	0	0	nan	1046.0
17	39328378.0	78653169	0	0	nan	8821.0
18	59836	76116152	1.1201	0.1645	0.8058	22789.0
18	59836	38087994.0	0.8979	0.2591	0.7957	10354.0
18	59836	19073915.0	0.0973	0.8685	0.5873	4521.0
18	59836	9566876.0	-0.1026	0.8094	0.4253	2650.0
18	59836	4813356.0	1.2072	0.2349	1.0163	1255.0
18	59836	2436596.0	0	0	nan	697.0
18	2436596.0	4813356.0	0	0	nan	558.0
18	4813356.0	9566876.0	-0.9242	0.1131	0.5832	1395.0
18	4813356.0	7190116.0	-0.283	0.3763	0.3199	628.0
18	4813356.0	6001736.0	0	0	nan	360.0
18	6001736.0	7190116.0	0	0	nan	268.0
18	7190116.0	9566876.0	-1.7118	0.0607	0.9126	767.0
18	7190116.0	8378496.0	-0.6048	0.3379	0.6311	348.0
18	7190116.0	7784306.0	0	0	nan	160.0
18	7784306.0	8378496.0	0.6306	0.4402	0.8171	188.0
18	7784306.0	8081401.0	-0.3943	0.0004	0.1105	91.0
18	8081401.0	8378496.0	0	0	nan	97.0
18	8378496.0	9566876.0	-3.9893	0.3934	4.674	419.0
18	8378496.0	8972686.0	0	0	nan	246.0
18	8972686.0	9566876.0	0	0	nan	173.0
18	9566876.0	19073915.0	0	0	nan	1871.0
18	19073915.0	38087994.0	2.7149	0.5941	5.0949	5833.0
18	19073915.0	28580955.0	0	0	nan	3000.0
18	28580955.0	38087994.0	0.542	0.3486	0.5783	2833.0
18	28580955.0	33334475.0	1.0232	0.1297	0.6753	1262.0
18	28580955.0	30957715.0	0	0	nan	509.0
18	30957715.0	33334475.0	0.3888	0.6342	0.817	753.0
18	30957715.0	32146095.0	-0.1419	0.455	0.19	331.0
18	30957715.0	31551905.0	0	0	nan	171.0
18	31551905.0	32146095.0	-0.1394	0.695	0.3555	160.0
18	31551905.0	31849000.0	0	0	nan	75.0
18	31849000.0	32146095.0	-0.5603	0.0151	0.2305	85.0
18	32146095.0	33334475.0	0	0	nan	422.0
18	33334475.0	38087994.0	0	0	nan	1571.0
18	38087994.0	76116152	1.3656	0.4914	1.9845	12435.0
18	38087994.0	57102073.0	0.4506	0.4252	0.5652	6608.0
18	38087994.0	47595034.0	0	0	nan	3256.0
18	47595034.0	57102073.0	0	0	nan	3352.0
18	57102073.0	76116152	0	0	nan	5827.0
19	211912	63785948	0	0	nan	9571.0
20	9795	62382907	0	0	nan	19087.0
21	10023882	46915057	-0.2465	0.8384	1.2089	10616.0
21	10023882	28469469.0	0	0	nan	4208.0
21	28469469.0	46915057	0.5296	0.7308	1.5394	6408.0
21	28469469.0	37692263.0	0	0	nan	3106.0
21	37692263.0	46915057	-0.1619	0.822	0.7199	3302.0
21	37692263.0	42303660.0	0	0	nan	1931.0
21	42303660.0	46915057	-0.6046	0.1104	0.3787	1371.0
21	42303660.0	44609359.0	0	0	nan	676.0
21	44609359.0	46915057	-0.045	0.8121	0.1893	695.0
21	44609359.0	45762208.0	0.4102	0.3552	0.4436	305.0
21	44609359.0	45185784.0	1.3463	0.0871	0.7868	177.0
21	44609359.0	44897572.0	0.4982	0.6592	1.1298	46.0
21	44897572.0	45185784.0	2.0647	0.1125	1.3009	131.0
21	45185784.0	45762208.0	0	0	nan	128.0
21	45762208.0	46915057	-0.1545	0.3583	0.1681	390.0
21	45762208.0	46338633.0	0	0	nan	157.0
21	46338633.0	46915057	-0.3238	0.016	0.1345	233.0
