chromosome 	 region_start 	 region_end 	 correlation 	 pvalue 	 std_err 	 SNPs 
1	742584	247177973	-0.3155	0.188	0.2397	66566.0
1	742584	123960278.0	-0.2846	0.3282	0.2911	34359.0
1	742584	62351431.0	-0.2865	0.549	0.4781	16472.0
1	742584	31547008.0	0.0766	0.8366	0.3712	7685.0
1	742584	16144796.0	-0.0117	0.9819	0.5168	3561.0
1	742584	8443690.0	0	0	nan	1860.0
1	8443690.0	16144796.0	-0.3265	0.3583	0.3554	1701.0
1	8443690.0	12294243.0	-0.2321	0.4342	0.2968	778.0
1	8443690.0	10368967.0	-1.5044	0.7211	4.2137	358.0
1	8443690.0	9406329.0	-1.3148	0.4087	1.5916	219.0
1	8443690.0	8925010.0	0.3084	0.5909	0.5737	110.0
1	8925010.0	9406329.0	0	0	nan	109.0
1	9406329.0	10368967.0	0	0	nan	139.0
1	10368967.0	12294243.0	0.1445	0.6183	0.29	420.0
1	10368967.0	11331605.0	0	0	nan	185.0
1	11331605.0	12294243.0	-0.112	0.7198	0.3123	235.0
1	11331605.0	11812924.0	0.4351	0.4168	0.5358	154.0
1	11812924.0	12294243.0	-0.8005	0.1218	0.5173	81.0
1	12294243.0	16144796.0	0	0	nan	923.0
1	16144796.0	31547008.0	0	0	nan	4124.0
1	31547008.0	62351431.0	-0.6181	0.5438	1.0182	8787.0
1	31547008.0	46949220.0	-0.0686	0.9515	1.1291	4076.0
1	31547008.0	39248114.0	0	0	nan	1863.0
1	39248114.0	46949220.0	-0.1682	0.8118	0.7064	2213.0
1	39248114.0	43098667.0	0	0	nan	1115.0
1	43098667.0	46949220.0	0	0	nan	1098.0
1	46949220.0	62351431.0	-1.0253	0.4846	1.4669	4711.0
1	46949220.0	54650326.0	0	0	nan	1858.0
1	54650326.0	62351431.0	0	0	nan	2853.0
1	62351431.0	123960278.0	-0.3159	0.4104	0.3837	17887.0
1	62351431.0	93155855.0	0.1883	0.81	0.7829	9624.0
1	62351431.0	77753643.0	0	0	nan	4863.0
1	77753643.0	93155855.0	1.5671	0.061	0.8363	4761.0
1	77753643.0	85454749.0	0	0	nan	2395.0
1	85454749.0	93155855.0	1.4577	0.0822	0.8387	2366.0
1	85454749.0	89305302.0	0.7121	0.0056	0.2568	1262.0
1	85454749.0	87380026.0	0.5748	0.0018	0.1837	701.0
1	85454749.0	86417388.0	0	0	nan	409.0
1	86417388.0	87380026.0	-0.0367	0.7932	0.1401	292.0
1	86417388.0	86898707.0	-0.6252	0.0756	0.3519	182.0
1	86898707.0	87380026.0	1.3185	0.0002	0.3581	110.0
1	87380026.0	89305302.0	0	0	nan	561.0
1	89305302.0	93155855.0	0	0	nan	1104.0
1	93155855.0	123960278.0	-0.4864	0.1381	0.328	8263.0
1	93155855.0	108558067.0	0.1484	0.9042	1.2328	4627.0
1	93155855.0	100856961.0	0	0	nan	2620.0
1	100856961.0	108558067.0	0	0	nan	2007.0
1	108558067.0	123960278.0	-0.6199	0.0482	0.3138	3636.0
1	108558067.0	116259173.0	-0.5729	0.1499	0.3979	2448.0
1	108558067.0	112408620.0	1.0897	0.0082	0.412	1270.0
1	108558067.0	110483344.0	0.7097	0.0082	0.2682	413.0
1	108558067.0	109520706.0	0.862	0.0011	0.2644	171.0
1	108558067.0	109039387.0	0	0	nan	55.0
1	109039387.0	109520706.0	0	0	nan	116.0
1	109520706.0	110483344.0	0.6543	0.0572	0.3441	242.0
1	109520706.0	110002025.0	0.7213	3.0863e-10	0.1146	135.0
1	110002025.0	110483344.0	0	0	nan	107.0
1	110483344.0	112408620.0	0	0	nan	857.0
1	112408620.0	116259173.0	-1.3392	0.0636	0.722	1178.0
1	112408620.0	114333897.0	-0.6269	0.1012	0.3824	465.0
1	112408620.0	113371259.0	-0.6278	0.1526	0.4389	194.0
1	112408620.0	112889940.0	0	0	nan	138.0
1	112889940.0	113371259.0	0	0	nan	56.0
1	113371259.0	114333897.0	0	0	nan	271.0
1	114333897.0	116259173.0	0	0	nan	713.0
1	116259173.0	123960278.0	-0.8483	0.1796	0.6322	1188.0
1	116259173.0	120109726.0	-0.8838	0.0216	0.3847	1124.0
1	116259173.0	118184450.0	0	0	nan	534.0
1	118184450.0	120109726.0	-1.2125	0.0692	0.6674	590.0
1	118184450.0	119147088.0	-1.1193	0.0034	0.3826	288.0
1	118184450.0	118665769.0	-0.9909	3.7399e-10	0.1582	118.0
1	118665769.0	119147088.0	0	0	nan	170.0
1	119147088.0	120109726.0	0	0	nan	302.0
1	120109726.0	123960278.0	0	0	nan	64.0
1	123960278.0	247177973	-0.3606	0.231	0.3011	32207.0
1	123960278.0	185569126.0	-0.5733	0.1053	0.354	12901.0
1	123960278.0	154764702.0	0	0	nan	2021.0
1	154764702.0	185569126.0	-0.3214	0.3675	0.3567	10880.0
1	154764702.0	170166914.0	0	0	nan	5774.0
1	170166914.0	185569126.0	-1.3114	0.3519	1.4088	5106.0
1	170166914.0	177868020.0	-0.193	0.3924	0.2257	2478.0
1	170166914.0	174017467.0	-0.7057	0.0068	0.2605	1163.0
1	170166914.0	172092191.0	0	0	nan	486.0
1	172092191.0	174017467.0	-0.8773	0.009	0.3357	677.0
1	172092191.0	173054829.0	0	0	nan	278.0
1	173054829.0	174017467.0	0	0	nan	399.0
1	174017467.0	177868020.0	0.1694	0.7933	0.6466	1315.0
1	174017467.0	175942744.0	1.0094	0.1304	0.6673	611.0
1	174017467.0	174980106.0	0	0	nan	241.0
1	174980106.0	175942744.0	0.0434	0.9503	0.6964	370.0
1	174980106.0	175461425.0	0	0	nan	196.0
1	175461425.0	175942744.0	0	0	nan	174.0
1	175942744.0	177868020.0	-0.3509	0.3302	0.3604	704.0
1	175942744.0	176905382.0	-0.6909	0.5733	1.2269	347.0
1	175942744.0	176424063.0	0	0	nan	218.0
1	176424063.0	176905382.0	-0.6948	0.1761	0.5136	129.0
1	176905382.0	177868020.0	0.0432	0.9074	0.3712	357.0
1	176905382.0	177386701.0	-1.2506	0.7645	4.1755	154.0
1	177386701.0	177868020.0	0	0	nan	203.0
1	177868020.0	185569126.0	0	0	nan	2628.0
1	185569126.0	247177973	-0.1886	0.7006	0.4904	19306.0
1	185569126.0	216373550.0	0.1936	0.7227	0.5456	9853.0
1	185569126.0	200971338.0	-0.5712	0.3705	0.6378	4466.0
1	185569126.0	193270232.0	0	0	nan	2195.0
1	193270232.0	200971338.0	0	0	nan	2271.0
1	200971338.0	216373550.0	0	0	nan	5387.0
1	216373550.0	247177973	-1.2977	0.6766	3.1107	9453.0
1	216373550.0	231775762.0	0	0	nan	4849.0
1	231775762.0	247177973	0	0	nan	4604.0
2	5703	242669396	-0.2444	0.3288	0.2502	69719.0
2	5703	121337549.0	-0.4627	0.0467	0.2326	35502.0
2	5703	60671626.0	-0.2885	0.4199	0.3577	20790.0
2	5703	30338665.0	0.3197	0.4485	0.4218	9642.0
2	5703	15172184.0	0	0	nan	4926.0
2	15172184.0	30338665.0	0.6075	0.2894	0.5735	4716.0
2	15172184.0	22755425.0	0	0	nan	2459.0
2	22755425.0	30338665.0	0.5187	0.1817	0.3884	2257.0
2	22755425.0	26547045.0	0	0	nan	1031.0
2	26547045.0	30338665.0	0	0	nan	1226.0
2	30338665.0	60671626.0	0	0	nan	11148.0
2	60671626.0	121337549.0	-0.5389	0.0243	0.2392	14712.0
2	60671626.0	91004588.0	0.0095	0.9726	0.2776	7983.0
2	91004588.0	121337549.0	-1.1693	0.0038	0.4035	6729.0
2	91004588.0	106171069.0	-0.9547	1.1535e-06	0.1963	2866.0
2	91004588.0	98587829.0	-0.8594	4.4799e-18	0.0992	476.0
2	91004588.0	94796209.0	0	0	nan	nan
2	94796209.0	98587829.0	-0.8594	4.4799e-18	0.0992	476.0
2	94796209.0	96692019.0	-0.576	0.0008	0.172	180.0
2	94796209.0	95744114.0	0	0	nan	68.0
2	95744114.0	96692019.0	-0.826	1.3049e-05	0.1895	112.0
2	95744114.0	96218067.0	-0.8768	0.0005	0.2525	36.0
2	96218067.0	96692019.0	-0.8561	1.9615e-09	0.1427	76.0
2	96692019.0	98587829.0	-0.7926	8.4391e-15	0.1021	296.0
2	96692019.0	97639924.0	0	0	nan	79.0
2	97639924.0	98587829.0	-0.9655	1.5041e-24	0.0944	217.0
2	97639924.0	98113877.0	-1.0612	2.0127e-14	0.1387	92.0
2	98113877.0	98587829.0	-1.0589	0.0002	0.2805	125.0
2	98587829.0	106171069.0	-0.9389	0.0019	0.3022	2390.0
2	98587829.0	102379449.0	-0.9099	0.0002	0.2463	1214.0
2	98587829.0	100483639.0	-1.1099	1.9483e-05	0.2599	550.0
2	98587829.0	99535734.0	-1.119	0.0517	0.5751	213.0
2	98587829.0	99061782.0	-0.712	0.1626	0.5098	82.0
2	99061782.0	99535734.0	0	0	nan	131.0
2	99535734.0	100483639.0	-1.4332	0.0324	0.6699	337.0
2	99535734.0	100009687.0	-0.1943	0.3026	0.1884	128.0
2	100009687.0	100483639.0	0	0	nan	209.0
2	100483639.0	102379449.0	-0.5976	0.3201	0.601	664.0
2	100483639.0	101431544.0	-3.3897	0.1688	2.4635	301.0
2	100483639.0	100957592.0	-1.5989	0.0143	0.6528	176.0
2	100957592.0	101431544.0	0	0	nan	125.0
2	101431544.0	102379449.0	0	0	nan	363.0
2	102379449.0	106171069.0	-0.7253	0.0408	0.3546	1176.0
2	102379449.0	104275259.0	0	0	nan	460.0
2	104275259.0	106171069.0	-1.1352	0.1287	0.7472	716.0
2	104275259.0	105223164.0	0	0	nan	225.0
2	105223164.0	106171069.0	-0.7219	0.1826	0.5416	491.0
2	105223164.0	105697117.0	-0.6972	0.458	0.9393	242.0
2	105697117.0	106171069.0	-1.441	0.2038	1.134	249.0
2	106171069.0	121337549.0	0	0	nan	3863.0
2	121337549.0	242669396	0.3727	0.5937	0.6986	34217.0
2	121337549.0	182003473.0	0	0	nan	17322.0
2	182003473.0	242669396	0	0	nan	16895.0
3	36044	199322659	0.2107	0.2226	0.1728	57242.0
3	36044	99679351.0	0.1839	0.3788	0.209	28935.0
3	36044	49857698.0	-0.237	0.3456	0.2513	16100.0
3	36044	24946871.0	-0.0379	0.9129	0.3466	8838.0
3	36044	12491458.0	0.6523	0.3044	0.635	4822.0
3	36044	6263751.0	0	0	nan	2422.0
3	6263751.0	12491458.0	0.7134	0.3007	0.6893	2400.0
3	6263751.0	9377605.0	-0.1454	0.5795	0.2624	1348.0
3	6263751.0	7820678.0	-0.1318	0.6443	0.2855	650.0
3	6263751.0	7042215.0	0.2709	0.1976	0.2103	253.0
3	6263751.0	6652983.0	1.0601	0.6191	2.1327	153.0
3	6652983.0	7042215.0	0	0	nan	100.0
3	7042215.0	7820678.0	0	0	nan	397.0
3	7820678.0	9377605.0	-0.1842	0.6146	0.3659	698.0
3	7820678.0	8599142.0	-0.31	0.7761	1.09	384.0
3	7820678.0	8209910.0	0	0	nan	201.0
3	8209910.0	8599142.0	-0.2522	0.2136	0.2028	183.0
3	8599142.0	9377605.0	0	0	nan	314.0
3	9377605.0	12491458.0	0	0	nan	1052.0
3	12491458.0	24946871.0	-1.0754	0.1462	0.7401	4016.0
3	12491458.0	18719165.0	-0.7084	0.4426	0.9225	1941.0
3	12491458.0	15605312.0	0	0	nan	1007.0
3	15605312.0	18719165.0	1.2311	0.3648	1.3584	934.0
3	15605312.0	17162239.0	0	0	nan	576.0
3	17162239.0	18719165.0	0	0	nan	358.0
3	18719165.0	24946871.0	0	0	nan	2075.0
3	24946871.0	49857698.0	-0.3595	0.2001	0.2806	7262.0
3	24946871.0	37402285.0	-0.6346	0.3599	0.6931	3815.0
3	24946871.0	31174578.0	-0.9325	0.5288	1.4806	2029.0
3	24946871.0	28060725.0	-0.9002	0.6277	1.8564	988.0
3	24946871.0	26503798.0	0	0	nan	525.0
3	26503798.0	28060725.0	0	0	nan	463.0
3	28060725.0	31174578.0	-1.1589	0.6791	2.8013	1041.0
3	28060725.0	29617652.0	0	0	nan	510.0
3	29617652.0	31174578.0	0	0	nan	531.0
3	31174578.0	37402285.0	-0.4695	0.4328	0.5985	1786.0
3	31174578.0	34288432.0	0.6176	0.5983	1.1724	815.0
3	31174578.0	32731505.0	0.0035	0.9949	0.5378	449.0
3	32731505.0	34288432.0	0.9779	0.1849	0.7375	366.0
3	32731505.0	33509969.0	0	0	nan	130.0
3	33509969.0	34288432.0	0	0	nan	236.0
3	34288432.0	37402285.0	-0.8125	0.0995	0.4932	971.0
3	34288432.0	35845359.0	0	0	nan	487.0
3	35845359.0	37402285.0	-0.2794	0.2586	0.2473	484.0
3	35845359.0	36623822.0	0	0	nan	265.0
3	36623822.0	37402285.0	-0.426	0.0345	0.2015	219.0
3	36623822.0	37013054.0	0.0231	0.9539	0.399	106.0
3	37013054.0	37402285.0	-0.9272	0.2021	0.7269	113.0
3	37402285.0	49857698.0	0.1239	0.638	0.2632	3447.0
3	37402285.0	43629992.0	0	0	nan	1879.0
3	43629992.0	49857698.0	0	0	nan	1568.0
3	49857698.0	99679351.0	0.6725	0.038	0.3241	12835.0
3	49857698.0	74768525.0	0.4701	0.0634	0.2532	8367.0
3	49857698.0	62313112.0	0.2979	0.1234	0.1934	4314.0
3	49857698.0	56085405.0	0.2937	0.0597	0.1559	1843.0
3	49857698.0	52971552.0	0.4671	0.2088	0.3716	732.0
3	49857698.0	51414625.0	0	0	nan	397.0
3	51414625.0	52971552.0	0.3211	0.1193	0.2061	335.0
3	51414625.0	52193089.0	0	0	nan	92.0
3	52193089.0	52971552.0	0	0	nan	243.0
3	52971552.0	56085405.0	-0.1824	0.4173	0.225	1111.0
3	52971552.0	54528479.0	0.1807	0.3193	0.1815	470.0
3	52971552.0	53750016.0	-0.0854	0.8575	0.4756	219.0
3	52971552.0	53360784.0	-0.4423	8.7461e-07	0.0899	123.0
3	53360784.0	53750016.0	0	0	nan	96.0
3	53750016.0	54528479.0	0	0	nan	251.0
3	54528479.0	56085405.0	0	0	nan	641.0
3	56085405.0	62313112.0	0	0	nan	2471.0
3	62313112.0	74768525.0	0	0	nan	4053.0
3	74768525.0	99679351.0	1.2457	0.1252	0.8124	4468.0
3	74768525.0	87223938.0	1.4782	0.0468	0.7436	2842.0
3	74768525.0	80996232.0	2.2825	0.3521	2.453	1321.0
3	74768525.0	77882379.0	2.5138	0.0437	1.2465	641.0
3	74768525.0	76325452.0	1.1257	1.0638e-06	0.2307	207.0
3	74768525.0	75546989.0	1.4306	1.2866e-45	0.1009	133.0
3	74768525.0	75157757.0	1.3653	0.0002	0.3689	80.0
3	75157757.0	75546989.0	0	0	nan	53.0
3	75546989.0	76325452.0	0	0	nan	74.0
3	76325452.0	77882379.0	0	0	nan	434.0
3	77882379.0	80996232.0	0	0	nan	680.0
3	80996232.0	87223938.0	0.5656	0.0171	0.2371	1521.0
3	80996232.0	84110085.0	0.8958	0.0084	0.3399	744.0
3	80996232.0	82553159.0	0.9237	0.0112	0.364	403.0
3	80996232.0	81774696.0	1.4568	0.0052	0.5215	201.0
3	80996232.0	81385464.0	0	0	nan	108.0
3	81385464.0	81774696.0	1.5569	4.3245e-07	0.308	93.0
3	81774696.0	82553159.0	0.3765	1.3495e-08	0.0663	202.0
3	81774696.0	82163928.0	0.5325	0.0026	0.1771	116.0
3	82163928.0	82553159.0	0	0	nan	86.0
3	82553159.0	84110085.0	0	0	nan	341.0
3	84110085.0	87223938.0	0.2367	0.3694	0.2637	777.0
3	84110085.0	85667012.0	0.7152	0.0336	0.3365	393.0
3	84110085.0	84888549.0	0	0	nan	189.0
3	84888549.0	85667012.0	0	0	nan	204.0
3	85667012.0	87223938.0	-0.7789	0.6981	2.0077	384.0
3	85667012.0	86445475.0	-0.1598	0.7161	0.4393	196.0
3	85667012.0	86056244.0	0.2421	0.8891	1.736	101.0
3	86056244.0	86445475.0	-0.2268	0.8176	0.9833	95.0
3	86445475.0	87223938.0	0	0	nan	188.0
3	87223938.0	99679351.0	0	0	nan	1626.0
3	99679351.0	199322659	0.2517	0.3186	0.2524	28307.0
3	99679351.0	149501005.0	-0.1826	0.4597	0.2469	14905.0
3	99679351.0	124590178.0	-0.0047	0.9856	0.2578	7530.0
3	124590178.0	149501005.0	-0.578	0.2607	0.5139	7375.0
3	124590178.0	137045592.0	-0.6819	0.1421	0.4645	3853.0
3	124590178.0	130817885.0	-0.378	0.3125	0.3743	1860.0
3	124590178.0	127704032.0	0	0	nan	1024.0
3	127704032.0	130817885.0	-0.7523	0.0305	0.3477	836.0
3	127704032.0	129260959.0	-3.7567	0.359	4.0954	496.0
3	127704032.0	128482496.0	0	0	nan	279.0
3	128482496.0	129260959.0	0	0	nan	217.0
3	129260959.0	130817885.0	-0.0411	0.6919	0.1036	340.0
3	129260959.0	130039422.0	-0.3901	5.4455e-05	0.0967	206.0
3	129260959.0	129650191.0	0.0592	0.9211	0.5979	110.0
3	129650191.0	130039422.0	-0.2595	0.0671	0.1417	96.0
3	130039422.0	130817885.0	0	0	nan	134.0
3	130817885.0	137045592.0	0	0	nan	1993.0
3	137045592.0	149501005.0	0	0	nan	3522.0
3	149501005.0	199322659	1.0392	0.1309	0.688	13402.0
3	149501005.0	174411832.0	0	0	nan	6993.0
3	174411832.0	199322659	1.7161	0.0776	0.9725	6409.0
3	174411832.0	186867246.0	0	0	nan	3061.0
3	186867246.0	199322659	1.235	0.336	1.2836	3348.0
3	186867246.0	193094953.0	0.738	0.4122	0.9	1926.0
3	186867246.0	189981100.0	0	0	nan	953.0
3	189981100.0	193094953.0	0.8555	0.5835	1.5604	973.0
3	189981100.0	191538027.0	0	0	nan	458.0
3	191538027.0	193094953.0	0.9478	0.0027	0.3154	515.0
3	191538027.0	192316490.0	0.6202	0.0914	0.3675	270.0
3	191538027.0	191927259.0	0	0	nan	137.0
3	191927259.0	192316490.0	0.885	0.0119	0.3519	133.0
3	192316490.0	193094953.0	2.1212	0.5078	3.2027	245.0
3	192316490.0	192705722.0	0	0	nan	133.0
3	192705722.0	193094953.0	0	0	nan	112.0
3	193094953.0	199322659	0	0	nan	1422.0
4	59713	191184445	0.1696	0.8016	0.6751	51052.0
4	59713	95622079.0	0	0	nan	26024.0
4	95622079.0	191184445	0.9761	0.3013	0.9443	25028.0
4	95622079.0	143403262.0	0	0	nan	12725.0
4	143403262.0	191184445	0	0	nan	12303.0
5	89344	179998061	1.7302	0.0945	1.0347	53587.0
5	89344	90043702.0	1.2714	0.2491	1.1032	25884.0
5	89344	45066523.0	0	0	nan	13813.0
5	45066523.0	90043702.0	0	0	nan	12071.0
5	90043702.0	179998061	2.4076	0.2501	2.0933	27703.0
5	90043702.0	135020882.0	0	0	nan	13206.0
5	135020882.0	179998061	1.3237	0.125	0.8629	14497.0
5	135020882.0	157509472.0	2.5282	0.4815	3.5914	7668.0
5	135020882.0	146265177.0	0.7166	0.0479	0.3622	3633.0
5	135020882.0	140643030.0	0	0	nan	1659.0
5	140643030.0	146265177.0	0	0	nan	1974.0
5	146265177.0	157509472.0	0	0	nan	4035.0
5	157509472.0	179998061	0.1796	0.7249	0.5104	6829.0
5	157509472.0	168753767.0	0.5205	0.3756	0.5874	3533.0
5	157509472.0	163131620.0	0.069	0.8984	0.5402	1854.0
5	157509472.0	160320546.0	0	0	nan	1002.0
5	160320546.0	163131620.0	0	0	nan	853.0
5	163131620.0	168753767.0	0	0	nan	1679.0
5	168753767.0	179998061	0	0	nan	3296.0
6	94609	169999770	0.7278	0.1134	0.4597	49953.0
6	94609	85047189.0	0.5602	0.2698	0.5077	23874.0
6	94609	42570899.0	0	0	nan	12178.0
6	42570899.0	85047189.0	1.0714	0.0806	0.6132	11696.0
6	42570899.0	63809044.0	1.4434	0.2163	1.1673	5321.0
6	42570899.0	53189972.0	1.08	0.2826	1.0051	3331.0
6	42570899.0	47880436.0	1.578	0.0973	0.9516	1630.0
6	42570899.0	45225668.0	4.6478	0.3573	5.0487	692.0
6	42570899.0	43898284.0	0	0	nan	305.0
6	43898284.0	45225668.0	0	0	nan	387.0
6	45225668.0	47880436.0	0.9636	0.1755	0.7113	938.0
6	45225668.0	46553052.0	0	0	nan	392.0
6	46553052.0	47880436.0	0	0	nan	546.0
6	47880436.0	53189972.0	-0.1901	0.7427	0.5791	1701.0
6	47880436.0	50535204.0	0.273	0.1781	0.2027	702.0
6	47880436.0	49207820.0	0.6432	0.0009	0.193	357.0
6	47880436.0	48544128.0	0.8791	0.1434	0.6007	181.0
6	47880436.0	48212282.0	0.6117	0.4799	0.8659	106.0
6	48212282.0	48544128.0	0	0	nan	75.0
6	48544128.0	49207820.0	0	0	nan	176.0
6	49207820.0	50535204.0	0	0	nan	345.0
6	50535204.0	53189972.0	-1.068	0.0807	0.6114	999.0
6	50535204.0	51862588.0	0	0	nan	454.0
6	51862588.0	53189972.0	0	0	nan	545.0
6	53189972.0	63809044.0	0	0	nan	1990.0
6	63809044.0	85047189.0	0	0	nan	6375.0
6	85047189.0	169999770	0.9056	0.1853	0.6836	26079.0
6	85047189.0	127523480.0	0	0	nan	12241.0
6	127523480.0	169999770	0	0	nan	13838.0
7	140018	158812247	1.5614	0.604	3.01	43806.0
7	140018	79476132.0	1.1963	0.1688	0.8693	22903.0
7	140018	39808075.0	0.5951	0.1094	0.3717	13530.0
7	140018	19974047.0	0.277	0.5743	0.4932	6035.0
7	140018	10057033.0	0	0	nan	2549.0
7	10057033.0	19974047.0	-0.3048	0.6061	0.5911	3486.0
7	10057033.0	15015540.0	-0.9521	0.8939	7.1407	1844.0
7	10057033.0	12536287.0	0	0	nan	1049.0
7	12536287.0	15015540.0	0	0	nan	795.0
7	15015540.0	19974047.0	3.3574e-05	1.0	0.5637	1642.0
7	19974047.0	39808075.0	0.9643	0.1671	0.6979	7495.0
7	19974047.0	29891061.0	1.875	0.1644	1.3486	3897.0
7	19974047.0	24932554.0	0	0	nan	1957.0
7	24932554.0	29891061.0	0	0	nan	1940.0
7	29891061.0	39808075.0	0.4757	0.3974	0.5621	3598.0
7	29891061.0	34849568.0	0	0	nan	1719.0
7	34849568.0	39808075.0	0.7025	0.0118	0.2792	1879.0
7	34849568.0	37328822.0	0	0	nan	876.0
7	37328822.0	39808075.0	0.4537	0.0863	0.2645	1003.0
7	37328822.0	38568449.0	1.4398	0.8631	8.3473	579.0
7	37328822.0	37948636.0	0	0	nan	299.0
7	37948636.0	38568449.0	0	0	nan	280.0
7	38568449.0	39808075.0	0.6899	0.0069	0.2555	424.0
7	38568449.0	39188262.0	0.304	0.4325	0.3874	219.0
7	38568449.0	38878356.0	0	0	nan	112.0
7	38878356.0	39188262.0	0.112	0.281	0.1039	107.0
7	39188262.0	39808075.0	1.0232	0.0157	0.4236	205.0
7	39188262.0	39498169.0	-0.3532	0.3793	0.4018	153.0
7	39498169.0	39808075.0	1.8882	2.1672e-05	0.4446	52.0
7	39808075.0	79476132.0	0	0	nan	9373.0
7	79476132.0	158812247	0	0	nan	20903.0
8	151222	146264218	-0.2508	0.2155	0.2025	45168.0
8	151222	73207720.0	-0.386	0.1921	0.2959	22991.0
8	151222	36679471.0	-0.2844	0.2341	0.239	14155.0
8	151222	18415347.0	-0.5886	0.0422	0.2897	8113.0
8	151222	9283285.0	0.3218	0.3633	0.354	4068.0
8	151222	4717254.0	0	0	nan	2240.0
8	4717254.0	9283285.0	0.5076	0.0703	0.2804	1828.0
8	4717254.0	7000270.0	0	0	nan	1262.0
8	7000270.0	9283285.0	0	0	nan	566.0
8	9283285.0	18415347.0	-1.2243	0.0048	0.4338	4045.0
8	9283285.0	13849316.0	-1.475	0.0173	0.6199	1844.0
8	9283285.0	11566301.0	-1.6165	0.0016	0.5125	1038.0
8	9283285.0	10424793.0	-1.3036	0.0086	0.4964	586.0
8	9283285.0	9854039.0	-1.6922	0.0686	0.9294	242.0
8	9283285.0	9568662.0	-1.8488	0.1879	1.4039	134.0
8	9568662.0	9854039.0	-0.0619	0.9486	0.9607	108.0
8	9854039.0	10424793.0	-1.014	0.0325	0.4743	344.0
8	9854039.0	10139416.0	0	0	nan	145.0
8	10139416.0	10424793.0	-0.5792	0.0008	0.1729	199.0
8	10424793.0	11566301.0	0	0	nan	452.0
8	11566301.0	13849316.0	-1.0911	0.3243	1.1069	806.0
8	11566301.0	12707809.0	0	0	nan	162.0
8	12707809.0	13849316.0	-0.8042	0.1495	0.558	644.0
8	12707809.0	13278563.0	0	0	nan	318.0
8	13278563.0	13849316.0	0.4886	0.5364	0.7902	326.0
8	13278563.0	13563940.0	-0.1028	0.782	0.3717	144.0
8	13563940.0	13849316.0	0.2349	0.8577	1.3104	182.0
8	13849316.0	18415347.0	0	0	nan	2201.0
8	18415347.0	36679471.0	0.0783	0.8313	0.3674	6042.0
8	18415347.0	27547409.0	0.1778	0.5324	0.2847	3613.0
8	18415347.0	22981378.0	0	0	nan	1784.0
8	22981378.0	27547409.0	0.0565	0.7555	0.1814	1829.0
8	22981378.0	25264394.0	0	0	nan	771.0
8	25264394.0	27547409.0	0.1182	0.4202	0.1467	1058.0
8	25264394.0	26405902.0	-0.1591	0.3433	0.1678	446.0
8	25264394.0	25835148.0	0.0984	0.6687	0.23	231.0
8	25264394.0	25549771.0	0	0	nan	108.0
8	25549771.0	25835148.0	0	0	nan	123.0
8	25835148.0	26405902.0	-0.5774	0.0002	0.1569	215.0
8	25835148.0	26120525.0	0	0	nan	103.0
8	26120525.0	26405902.0	-0.3524	0.1651	0.2539	112.0
8	26405902.0	27547409.0	0.3593	0.1612	0.2564	612.0
8	26405902.0	26976656.0	0	0	nan	350.0
8	26976656.0	27547409.0	0.1359	0.5683	0.2382	262.0
8	26976656.0	27262033.0	0	0	nan	103.0
8	27262033.0	27547409.0	-0.227	0.5835	0.4141	159.0
8	27547409.0	36679471.0	0	0	nan	2429.0
8	36679471.0	73207720.0	0	0	nan	8836.0
8	73207720.0	146264218	-0.1845	0.6064	0.358	22177.0
8	73207720.0	109735969.0	-0.1067	0.7651	0.3573	10559.0
8	73207720.0	91471845.0	0	0	nan	5086.0
8	91471845.0	109735969.0	0.1921	0.5955	0.3618	5473.0
8	91471845.0	100603907.0	2.037	0.2804	1.887	2558.0
8	91471845.0	96037876.0	0.686	0.0649	0.3716	1145.0
8	91471845.0	93754861.0	0	0	nan	462.0
8	93754861.0	96037876.0	0.7182	0.0405	0.3505	683.0
8	93754861.0	94896369.0	-0.0161	0.9736	0.4869	255.0
8	93754861.0	94325615.0	0	0	nan	101.0
8	94325615.0	94896369.0	0.2398	0.3224	0.2423	154.0
8	94325615.0	94610992.0	0.1419	0.3431	0.1497	82.0
8	94610992.0	94896369.0	0.385	0.4096	0.467	72.0
8	94896369.0	96037876.0	0	0	nan	428.0
8	96037876.0	100603907.0	3.2564	0.4338	4.1607	1413.0
8	96037876.0	98320892.0	0.3707	0.5563	0.6301	745.0
8	96037876.0	97179384.0	0.1752	0.8047	0.7085	444.0
8	96037876.0	96608630.0	0	0	nan	225.0
8	96608630.0	97179384.0	0	0	nan	219.0
8	97179384.0	98320892.0	0	0	nan	301.0
8	98320892.0	100603907.0	0	0	nan	668.0
8	100603907.0	109735969.0	-0.4306	0.1326	0.2863	2915.0
8	100603907.0	105169938.0	-0.4897	0.1018	0.2993	1303.0
8	100603907.0	102886923.0	-0.2447	0.4931	0.3571	651.0
8	100603907.0	101745415.0	0.144	0.6346	0.3029	322.0
8	100603907.0	101174661.0	0	0	nan	150.0
8	101174661.0	101745415.0	0	0	nan	172.0
8	101745415.0	102886923.0	-0.3404	0.3992	0.4037	329.0
8	101745415.0	102316169.0	-0.1622	0.6939	0.4121	127.0
8	101745415.0	102030792.0	0.3248	0.7425	0.9886	77.0
8	102030792.0	102316169.0	0	0	nan	50.0
8	102316169.0	102886923.0	0	0	nan	202.0
8	102886923.0	105169938.0	0	0	nan	652.0
8	105169938.0	109735969.0	-0.2738	0.1726	0.2008	1612.0
8	105169938.0	107452954.0	0.422	0.2924	0.4007	771.0
8	105169938.0	106311446.0	0	0	nan	423.0
8	106311446.0	107452954.0	0.1234	0.6028	0.2372	348.0
8	106311446.0	106882200.0	0.6689	0.0003	0.1864	206.0
8	106311446.0	106596823.0	0.8153	0.002	0.2641	107.0
8	106596823.0	106882200.0	0.4109	0.4449	0.5378	99.0
8	106882200.0	107452954.0	0	0	nan	142.0
8	107452954.0	109735969.0	-0.4837	0.0083	0.1833	841.0
8	107452954.0	108594462.0	0.0265	0.9116	0.2385	491.0
8	107452954.0	108023708.0	0	0	nan	253.0
8	108023708.0	108594462.0	-0.1815	0.6669	0.4218	238.0
8	108023708.0	108309085.0	0	0	nan	97.0
8	108309085.0	108594462.0	0	0	nan	141.0
8	108594462.0	109735969.0	-1.1181	2.4256e-10	0.1766	350.0
8	108594462.0	109165216.0	-1.5208	0.0062	0.5561	187.0
8	108594462.0	108879839.0	0	0	nan	84.0
8	108879839.0	109165216.0	-0.6721	0.0017	0.2141	103.0
8	109165216.0	109735969.0	-2.2228	0.1228	1.4405	163.0
8	109165216.0	109450593.0	0	0	nan	72.0
8	109450593.0	109735969.0	-1.5189	0.0015	0.4785	91.0
8	109735969.0	146264218	0	0	nan	11618.0
9	30910	139999801	0.3027	0.5822	0.5502	36566.0
9	30910	70015355.0	0	0	nan	14004.0
9	70015355.0	139999801	0.3693	0.5343	0.5942	22562.0
9	70015355.0	105007578.0	0	0	nan	11775.0
9	105007578.0	139999801	-0.2799	0.4189	0.3462	10787.0
9	105007578.0	122503690.0	-0.0089	0.9733	0.265	6942.0
9	122503690.0	139999801	0	0	nan	3845.0
10	88481	135284978	0.0546	0.8226	0.2437	44638.0
10	88481	67686729.0	0.0277	0.9486	0.4292	21758.0
10	88481	33887605.0	0	0	nan	12784.0
10	33887605.0	67686729.0	-0.4586	0.2479	0.3969	8974.0
10	33887605.0	50787167.0	-0.3414	0.3492	0.3647	3362.0
10	33887605.0	42337386.0	-0.2179	0.192	0.167	1424.0
10	33887605.0	38112496.0	-0.105	0.6077	0.2045	1214.0
10	33887605.0	36000051.0	0.125	0.3553	0.1352	575.0
10	33887605.0	34943828.0	0.5808	0.0119	0.2309	308.0
10	33887605.0	34415717.0	0	0	nan	150.0
10	34415717.0	34943828.0	0	0	nan	158.0
10	34943828.0	36000051.0	0	0	nan	267.0
10	36000051.0	38112496.0	-2.6797	0.2135	2.1542	639.0
10	36000051.0	37056274.0	0	0	nan	360.0
10	37056274.0	38112496.0	-0.7989	0.001	0.2421	279.0
10	37056274.0	37584385.0	0	0	nan	133.0
10	37584385.0	38112496.0	-0.9383	6.0051e-22	0.0974	146.0
10	37584385.0	37848441.0	0	0	nan	62.0
10	37848441.0	38112496.0	-0.9298	5.2377e-09	0.1592	84.0
10	38112496.0	42337386.0	-0.8738	0.0014	0.2733	210.0
10	38112496.0	40224941.0	-1.4982	0.0281	0.6823	144.0
10	38112496.0	39168719.0	-1.4982	0.0281	0.6823	144.0
10	38112496.0	38640608.0	-1.5795	0.0002	0.4197	127.0
10	38112496.0	38376552.0	0	0	nan	71.0
10	38376552.0	38640608.0	-1.1714	1.9411e-17	0.1379	56.0
10	38640608.0	39168719.0	0	0	nan	17.0
10	39168719.0	40224941.0	0	0	1	nan
10	40224941.0	42337386.0	0.9807	0.003	0.3303	66.0
10	40224941.0	41281164.0	0	0	1	nan
10	41281164.0	42337386.0	0.9807	0.003	0.3303	66.0
10	41281164.0	41809275.0	0	0	nan	1.0
10	41809275.0	42337386.0	0.9575	0.0012	0.2951	65.0
10	41809275.0	42073331.0	0	0	nan	2.0
10	42073331.0	42337386.0	0.9398	0.0002	0.2556	63.0
10	42337386.0	50787167.0	0	0	nan	1938.0
10	50787167.0	67686729.0	-1.0635	0.4406	1.3792	5612.0
10	50787167.0	59236948.0	0	0	nan	2669.0
10	59236948.0	67686729.0	0	0	nan	2943.0
10	67686729.0	135284978	0.0437	0.8708	0.2687	22880.0
10	67686729.0	101485854.0	-0.0038	0.9904	0.314	11444.0
10	101485854.0	135284978	0.1105	0.7805	0.3966	11436.0
10	101485854.0	118385416.0	-0.397	0.3373	0.4137	5436.0
10	101485854.0	109935635.0	-0.2322	0.3363	0.2414	2745.0
10	101485854.0	105710745.0	-0.3944	0.4037	0.4724	1193.0
10	101485854.0	103598300.0	0	0	nan	580.0
10	103598300.0	105710745.0	0	0	nan	613.0
10	105710745.0	109935635.0	-0.3588	0.415	0.4402	1552.0
10	105710745.0	107823190.0	0	0	nan	799.0
10	107823190.0	109935635.0	0.4442	0.1361	0.298	753.0
10	107823190.0	108879413.0	1.3571	7.5279e-08	0.2523	323.0
10	107823190.0	108351302.0	0	0	nan	151.0
10	108351302.0	108879413.0	1.0092	2.5246e-08	0.1811	172.0
10	108351302.0	108615358.0	0.7455	0.12	0.4794	83.0
10	108615358.0	108879413.0	1.8108	0.361	1.9822	89.0
10	108879413.0	109935635.0	0	0	nan	430.0
10	109935635.0	118385416.0	0	0	nan	2691.0
10	118385416.0	135284978	0	0	nan	6000.0
11	188510	134445626	-0.1056	0.8674	0.6321	42004.0
11	188510	67317068.0	-0.1642	0.5195	0.2549	19531.0
11	188510	33752789.0	0	0	nan	11307.0
11	33752789.0	67317068.0	-0.1788	0.3128	0.1772	8224.0
11	33752789.0	50534929.0	0.2327	0.5003	0.3452	4940.0
11	33752789.0	42143859.0	0.5931	0.1281	0.3898	2647.0
11	33752789.0	37948324.0	0.4147	0.1444	0.2841	1600.0
11	33752789.0	35850557.0	4.1801	0.6877	10.4	888.0
11	33752789.0	34801673.0	0	0	nan	395.0
11	34801673.0	35850557.0	0	0	nan	493.0
11	35850557.0	37948324.0	-0.1032	0.5133	0.1578	712.0
11	35850557.0	36899441.0	-0.5786	0.0011	0.1778	420.0
11	35850557.0	36374999.0	0.1836	0.6233	0.3737	214.0
11	35850557.0	36112778.0	0.4064	0.1452	0.279	97.0
11	36112778.0	36374999.0	0	0	nan	117.0
11	36374999.0	36899441.0	-1.3886	6.1075e-05	0.3464	206.0
11	36374999.0	36637220.0	-0.9964	0.0064	0.3657	90.0
11	36637220.0	36899441.0	0	0	nan	116.0
11	36899441.0	37948324.0	0.5572	0.0055	0.2006	292.0
11	36899441.0	37423883.0	0.0129	0.946	0.1899	154.0
11	36899441.0	37161662.0	-0.6011	0.3813	0.6865	105.0
11	37161662.0	37423883.0	1.5397	5.9367e-16	0.1903	49.0
11	37423883.0	37948324.0	0.6879	0.0006	0.201	138.0
11	37423883.0	37686104.0	0.7307	5.1248e-05	0.1804	74.0
11	37686104.0	37948324.0	0	0	nan	64.0
11	37948324.0	42143859.0	0	0	nan	1047.0
11	42143859.0	50534929.0	0	0	nan	2293.0
11	50534929.0	67317068.0	-0.4864	0.0091	0.1864	3284.0
11	50534929.0	58925999.0	-2.4217	0.7815	8.731	1428.0
11	50534929.0	54730464.0	0	0	nan	65.0
11	54730464.0	58925999.0	0	0	nan	1363.0
11	58925999.0	67317068.0	-0.1214	0.5493	0.2027	1856.0
11	58925999.0	63121534.0	-0.9582	0.1567	0.6765	1010.0
11	58925999.0	61023767.0	-1.5371	0.0714	0.8524	578.0
11	58925999.0	59974883.0	-2.696	0.0128	1.0826	288.0
11	58925999.0	59450441.0	0	0	nan	93.0
11	59450441.0	59974883.0	-2.6129	0.0004	0.7397	195.0
11	59450441.0	59712662.0	-4.7643	0.2552	4.1872	78.0
11	59712662.0	59974883.0	-1.931	0.0026	0.6418	117.0
11	59974883.0	61023767.0	0	0	nan	290.0
11	61023767.0	63121534.0	0.2044	0.7233	0.5771	432.0
11	61023767.0	62072651.0	0.3013	0.358	0.3277	261.0
11	61023767.0	61548209.0	0	0	nan	110.0
11	61548209.0	62072651.0	-0.0096	0.9637	0.2109	151.0
11	62072651.0	63121534.0	0	0	nan	171.0
11	63121534.0	67317068.0	0	0	nan	846.0
11	67317068.0	134445626	0	0	nan	22473.0
12	61880	132288757	0.0542	0.911	0.4849	40622.0
12	61880	66175318.0	0.2205	0.6771	0.5294	20068.0
12	61880	33118599.0	0	0	nan	10840.0
12	33118599.0	66175318.0	0	0	nan	9228.0
12	66175318.0	132288757	0	0	nan	20554.0
13	18045562	114109501	0.3673	0.577	0.6585	31059.0
13	18045562	66077531.0	0	0	nan	15339.0
13	66077531.0	114109501	0	0	nan	15720.0
14	18206177	106356482	0	0	nan	26340.0
15	18294933	99999706	0.323	0.6076	0.629	23238.0
15	18294933	59147319.0	0.7975	0.7504	2.507	10912.0
15	18294933	38721126.0	-0.0648	0.9342	0.7841	4618.0
15	18294933	28508030.0	1.7899	0.4404	2.3199	1514.0
15	18294933	23401482.0	0	0	nan	484.0
15	23401482.0	28508030.0	3.6153	0.4543	4.8312	1030.0
15	23401482.0	25954756.0	1.3595	0.1005	0.8279	680.0
15	23401482.0	24678119.0	0	0	nan	364.0
15	24678119.0	25954756.0	0	0	nan	316.0
15	25954756.0	28508030.0	0	0	nan	350.0
15	28508030.0	38721126.0	-0.7214	0.6299	1.4969	3104.0
15	28508030.0	33614578.0	0	0	nan	1460.0
15	33614578.0	38721126.0	0	0	nan	1644.0
15	38721126.0	59147319.0	0.7224	0.4125	0.8814	6294.0
15	38721126.0	48934223.0	0	0	nan	2675.0
15	48934223.0	59147319.0	1.3338	0.6026	2.5617	3619.0
15	48934223.0	54040771.0	0	0	nan	1865.0
15	54040771.0	59147319.0	0.9751	0.1653	0.7027	1754.0
15	54040771.0	56594045.0	0.2094	0.5864	0.3849	888.0
15	54040771.0	55317408.0	0.3318	0.1679	0.2406	308.0
15	54040771.0	54679090.0	0	0	nan	148.0
15	54679090.0	55317408.0	0	0	nan	160.0
15	55317408.0	56594045.0	0.417	0.5586	0.7129	580.0
15	55317408.0	55955727.0	0.2765	0.2293	0.23	306.0
15	55317408.0	55636568.0	-0.179	0.3851	0.2061	163.0
15	55636568.0	55955727.0	0	0	nan	143.0
15	55955727.0	56594045.0	0	0	nan	274.0
15	56594045.0	59147319.0	0	0	nan	866.0
15	59147319.0	99999706	0.0241	0.9771	0.8385	12326.0
15	59147319.0	79573513.0	0.1	0.882	0.674	6075.0
15	59147319.0	69360416.0	0.1113	0.74	0.3354	3180.0
15	59147319.0	64253868.0	0	0	nan	1600.0
15	64253868.0	69360416.0	0.0902	0.7463	0.2789	1580.0
15	64253868.0	66807142.0	-0.3091	0.2971	0.2965	915.0
15	64253868.0	65530505.0	-1.2656	0.0253	0.566	515.0
15	64253868.0	64892187.0	0	0	nan	248.0
15	64892187.0	65530505.0	-0.6911	0.3397	0.7238	267.0
15	64892187.0	65211346.0	0.0841	0.9069	0.7196	157.0
15	65211346.0	65530505.0	-3.8502	0.451	5.1077	110.0
15	65530505.0	66807142.0	0.9156	0.0285	0.4181	400.0
15	65530505.0	66168824.0	0.8497	0.0348	0.4026	219.0
15	65530505.0	65849665.0	0.5684	0.2878	0.5347	105.0
15	65849665.0	66168824.0	0	0	nan	114.0
15	66168824.0	66807142.0	0	0	nan	181.0
15	66807142.0	69360416.0	0	0	nan	665.0
15	69360416.0	79573513.0	0	0	nan	2895.0
15	79573513.0	99999706	0.1185	0.8692	0.7197	6251.0
15	79573513.0	89786610.0	-0.2159	0.4549	0.289	3113.0
15	79573513.0	84680062.0	-0.0637	0.8114	0.267	1478.0
15	79573513.0	82126788.0	0	0	nan	590.0
15	82126788.0	84680062.0	-0.0134	0.958	0.2537	888.0
15	82126788.0	83403425.0	0	0	nan	330.0
15	83403425.0	84680062.0	-0.8798	0.0001	0.2278	558.0
15	83403425.0	84041744.0	-0.5948	0.0086	0.2263	250.0
15	83403425.0	83722585.0	-0.5799	0.0167	0.2423	91.0
15	83722585.0	84041744.0	-1.0526	7.0126e-50	0.0709	159.0
15	84041744.0	84680062.0	-0.1862	0.6065	0.3615	308.0
15	84041744.0	84360903.0	-1.9059	0.0285	0.8702	152.0
15	84360903.0	84680062.0	0.5574	0.1217	0.3601	156.0
15	84680062.0	89786610.0	0.093	0.8807	0.6196	1635.0
15	84680062.0	87233336.0	0	0	nan	903.0
15	87233336.0	89786610.0	1.2264	0.128	0.8057	732.0
15	87233336.0	88509973.0	0	0	nan	332.0
15	88509973.0	89786610.0	1.5604	0.0124	0.6238	400.0
15	88509973.0	89148292.0	4.7447	0.4742	6.6295	192.0
15	88509973.0	88829133.0	0	0	nan	112.0
15	88829133.0	89148292.0	0	0	nan	80.0
15	89148292.0	89786610.0	2.2793	0.1008	1.389	208.0
15	89148292.0	89467451.0	0	0	nan	108.0
15	89467451.0	89786610.0	0	0	nan	100.0
15	89786610.0	99999706	0	0	nan	3138.0
16	26671	88700197	-0.1456	0.8246	0.657	22148.0
16	26671	44363434.0	0	0	nan	8517.0
16	44363434.0	88700197	0	0	nan	13631.0
17	3587	78653169	-0.4664	0.339	0.4877	18330.0
17	3587	39328378.0	-0.9021	0.2272	0.747	9076.0
17	3587	19665983.0	0	0	nan	4690.0
17	19665983.0	39328378.0	-0.967	0.0255	0.4328	4386.0
17	19665983.0	29497181.0	-1.5921	0.0051	0.5683	2155.0
17	19665983.0	24581582.0	0	0	nan	751.0
17	24581582.0	29497181.0	-0.9623	0.0006	0.2814	1404.0
17	24581582.0	27039382.0	-1.0118	2.2063e-07	0.1953	546.0
17	24581582.0	25810482.0	-1.4019	0.001	0.4266	316.0
17	24581582.0	25196032.0	-0.7361	0.7247	2.0903	142.0
17	24581582.0	24888807.0	0	0	nan	75.0
17	24888807.0	25196032.0	-2.1551	2.393e-08	0.3862	67.0
17	25196032.0	25810482.0	-0.928	2.0931e-10	0.146	174.0
17	25196032.0	25503257.0	-1.8715	1.6931e-28	0.169	81.0
17	25503257.0	25810482.0	-0.7474	0.0003	0.2047	93.0
17	25810482.0	27039382.0	-1.1701	0.0002	0.315	230.0
17	25810482.0	26424932.0	-0.9595	1.0431e-08	0.1676	97.0
17	25810482.0	26117707.0	0	0	nan	55.0
17	26117707.0	26424932.0	0	0	nan	42.0
17	26424932.0	27039382.0	-0.8012	0.0232	0.353	133.0
17	26424932.0	26732157.0	-1.4639	0.5579	2.4985	88.0
17	26732157.0	27039382.0	0	0	nan	45.0
17	27039382.0	29497181.0	0	0	nan	858.0
17	29497181.0	39328378.0	0	0	nan	2231.0
17	39328378.0	78653169	0.1132	0.8876	0.8006	9254.0
17	39328378.0	58990774.0	0.4107	0.3246	0.417	4604.0
17	39328378.0	49159576.0	0	0	nan	2361.0
17	49159576.0	58990774.0	-1.312	0.1465	0.9036	2243.0
17	49159576.0	54075175.0	0	0	nan	1454.0
17	54075175.0	58990774.0	-0.4784	0.109	0.2985	789.0
17	54075175.0	56532975.0	0	0	nan	415.0
17	56532975.0	58990774.0	-1.7542	0.5985	3.3315	374.0
17	56532975.0	57761875.0	0	0	nan	211.0
17	57761875.0	58990774.0	0	0	nan	163.0
17	58990774.0	78653169	0	0	nan	4650.0
18	59836	76116152	0.0362	0.9466	0.5405	23306.0
18	59836	38087994.0	1.7912	0.1249	1.1673	10578.0
18	59836	19073915.0	0	0	nan	4770.0
18	19073915.0	38087994.0	1.1357	0.0124	0.4542	5808.0
18	19073915.0	28580955.0	1.0316	0.0167	0.4312	3020.0
18	19073915.0	23827435.0	2.4065	0.2022	1.887	1559.0
18	19073915.0	21450675.0	1.7393	0.0093	0.6687	769.0
18	19073915.0	20262295.0	2.5779	0.1447	1.7674	319.0
18	19073915.0	19668105.0	0	0	nan	157.0
18	19668105.0	20262295.0	0	0	nan	162.0
18	20262295.0	21450675.0	0	0	nan	450.0
18	21450675.0	23827435.0	0	0	nan	790.0
18	23827435.0	28580955.0	0.4632	0.2133	0.3722	1461.0
18	23827435.0	26204195.0	1.053	0.383	1.2071	658.0
18	23827435.0	25015815.0	0	0	nan	345.0
18	25015815.0	26204195.0	0	0	nan	313.0
18	26204195.0	28580955.0	0	0	nan	803.0
18	28580955.0	38087994.0	0	0	nan	2788.0
18	38087994.0	76116152	-1.8421	0.1239	1.1973	12728.0
18	38087994.0	57102073.0	-0.8512	0.2201	0.694	6706.0
18	38087994.0	47595034.0	0	0	nan	3293.0
18	47595034.0	57102073.0	-0.5194	0.2223	0.4256	3413.0
18	47595034.0	52348554.0	0	0	nan	1626.0
18	52348554.0	57102073.0	-0.1512	0.6838	0.3711	1787.0
18	52348554.0	54725314.0	0	0	nan	883.0
18	54725314.0	57102073.0	-0.3473	0.2217	0.2842	904.0
18	54725314.0	55913694.0	-0.5206	0.5019	0.7752	530.0
18	54725314.0	55319504.0	-0.8275	0.0714	0.459	330.0
18	54725314.0	55022409.0	1.068	0.2664	0.9609	140.0
18	55022409.0	55319504.0	-1.5558	0.0482	0.7876	190.0
18	55319504.0	55913694.0	0	0	nan	200.0
18	55913694.0	57102073.0	-0.2348	0.2415	0.2005	374.0
18	55913694.0	56507884.0	-1.0136	0.1297	0.6689	178.0
18	55913694.0	56210789.0	0	0	nan	72.0
18	56210789.0	56507884.0	-0.7444	0.0414	0.3649	106.0
18	56507884.0	57102073.0	-0.1435	0.5018	0.2137	196.0
18	56507884.0	56804979.0	-0.7661	0.0025	0.253	75.0
18	56804979.0	57102073.0	-0.052	0.825	0.235	121.0
18	57102073.0	76116152	0	0	nan	6022.0
19	211912	63785948	0	0	nan	10463.0
20	9795	62382907	0.0221	0.9607	0.4479	19769.0
20	9795	31196351.0	-1.043	0.6793	2.5229	10333.0
20	9795	15603073.0	0	0	nan	5803.0
20	15603073.0	31196351.0	-0.809	0.4802	1.1459	4530.0
20	15603073.0	23399712.0	0	0	nan	3150.0
20	23399712.0	31196351.0	0	0	nan	1380.0
20	31196351.0	62382907	0.5763	0.8542	3.135	9436.0
20	31196351.0	46789629.0	0	0	nan	4817.0
20	46789629.0	62382907	-0.6108	0.241	0.5209	4619.0
20	46789629.0	54586268.0	-0.5562	0.3917	0.6493	2413.0
20	46789629.0	50687949.0	-0.3807	0.3632	0.4187	1091.0
20	46789629.0	48738789.0	-1.3897	0.0884	0.8157	540.0
20	46789629.0	47764209.0	-0.8127	0.0049	0.2892	293.0
20	46789629.0	47276919.0	0	0	nan	158.0
20	47276919.0	47764209.0	0	0	nan	135.0
20	47764209.0	48738789.0	0	0	nan	247.0
20	48738789.0	50687949.0	0	0	nan	551.0
20	50687949.0	54586268.0	0	0	nan	1322.0
20	54586268.0	62382907	-0.6745	0.1933	0.5185	2206.0
20	54586268.0	58484588.0	-1.1214	0.4771	1.5773	1271.0
20	54586268.0	56535428.0	0	0	nan	658.0
20	56535428.0	58484588.0	-0.4864	0.2168	0.3938	613.0
20	56535428.0	57510008.0	0	0	nan	289.0
20	57510008.0	58484588.0	0	0	nan	324.0
20	58484588.0	62382907	-0.8428	0.3946	0.9901	935.0
20	58484588.0	60433748.0	0	0	nan	665.0
20	60433748.0	62382907	0.0288	0.9344	0.3498	270.0
20	60433748.0	61408328.0	2.2517	0.6995	5.8331	119.0
20	60433748.0	60921038.0	0	0	nan	47.0
20	60921038.0	61408328.0	0.5565	0.0672	0.304	72.0
20	61408328.0	62382907	-0.8561	0.016	0.3553	151.0
20	61408328.0	61895618.0	-0.873	0.0383	0.4214	68.0
20	61895618.0	62382907	-0.737	0.1532	0.516	83.0
21	13517135	46915057	0	0	nan	10868.0
22	14884399	49565872	0.1906	0.5496	0.3186	9681.0
22	14884399	32225135.0	0.0351	0.9077	0.3031	4698.0
22	14884399	23554767.0	-0.0607	0.8501	0.3211	1749.0
22	14884399	19219583.0	0	0	nan	886.0
22	19219583.0	23554767.0	0.7959	0.0607	0.4243	863.0
22	19219583.0	21387175.0	0.6405	0.4817	0.9103	346.0
22	19219583.0	20303379.0	0	0	nan	192.0
22	20303379.0	21387175.0	0	0	nan	154.0
22	21387175.0	23554767.0	0	0	nan	517.0
22	23554767.0	32225135.0	0.1012	0.8668	0.6036	2949.0
22	23554767.0	27889951.0	0	0	nan	1511.0
22	27889951.0	32225135.0	0.1547	0.5838	0.2824	1438.0
22	27889951.0	30057543.0	0	0	nan	612.0
22	30057543.0	32225135.0	0	0	nan	826.0
22	32225135.0	49565872	0.4329	0.4786	0.611	4983.0
22	32225135.0	40895504.0	0	0	nan	2391.0
22	40895504.0	49565872	-1.0172	0.1806	0.7597	2592.0
22	40895504.0	45230688.0	-1.7818	0.224	1.4652	1241.0
22	40895504.0	43063096.0	-1.1038	0.1388	0.7456	693.0
22	40895504.0	41979300.0	0	0	nan	264.0
22	41979300.0	43063096.0	0	0	nan	429.0
22	43063096.0	45230688.0	0	0	nan	548.0
22	45230688.0	49565872	-0.1616	0.7979	0.6309	1351.0
22	45230688.0	47398280.0	-0.8779	0.7945	3.3713	769.0
22	45230688.0	46314484.0	1.6876	0.6043	3.2568	373.0
22	45230688.0	45772586.0	0.5313	0.3838	0.6101	188.0
22	45230688.0	45501637.0	0	0	nan	74.0
22	45501637.0	45772586.0	0	0	nan	114.0
22	45772586.0	46314484.0	0	0	nan	185.0
22	46314484.0	47398280.0	0	0	nan	396.0
22	47398280.0	49565872	-0.1984	0.56	0.3403	582.0
22	47398280.0	48482076.0	-0.1707	0.5784	0.3072	409.0
22	47398280.0	47940178.0	-1.7401	0.0235	0.768	184.0
22	47398280.0	47669229.0	-0.5109	0.3303	0.5247	85.0
22	47669229.0	47940178.0	0	0	nan	99.0
22	47940178.0	48482076.0	0.7175	0.3193	0.7205	225.0
22	47940178.0	48211127.0	0	0	nan	136.0
22	48211127.0	48482076.0	0.3988	0.0551	0.2079	89.0
22	48482076.0	49565872	0	0	nan	173.0
